# Created by Octave 3.8.1, Tue Mar 10 23:21:24 2015 JST <ohsawa@berenjena>
# name: obj_data
# type: matrix
# rows: 300
# columns: 3
 -4337.996701327606 -5026.984642625367 1372.384238603041
 2500.037071884631 1665.548953825262 3015.790410504279
 5661.034652504442 -2878.393680930079 572.2585136565699
 5660.810983460817 -1146.602064313301 466.9026617421177
 2080.535419831345 -4063.550732647791 349.5477270731921
 2493.380484050149 -1022.226897077308 819.8979366704245
 4658.844752924928 2428.316844520926 2746.243708013193
 -696.7352192761114 -2841.470586528661 1610.172828439408
 595.5150746145829 -4571.919774544358 2923.56661302961
 6081.453256465754 2815.887056818025 828.9360748725746
 5729.806277837541 1432.897852681911 5430.174194802624
 -1051.43322736847 1691.316247590415 3731.120165195378
 3204.57925258504 -3703.607155189844 1419.442811868623
 -2462.820742927432 -999.1286915521987 251.2792591611695
 -2206.192482298879 -1067.709673939711 2317.827619442814
 4724.468018179315 -2270.862145020057 2168.173092156178
 3951.16683229894 3836.019350418173 630.2940632657982
 4292.095428710575 -242.8445567797048 600.4495561789693
 3742.444850052179 -4472.11036440651 867.7318745937193
 -3212.764565861607 2049.142339101401 497.7427901855127
 -4254.406129080216 -4171.289293616725 220.9050458527616
 3074.922905589692 3045.261583430413 109.2799470798089
 1217.689178491337 -4903.779315973705 467.3511737174018
 1304.578328418619 1123.687707100957 108.2571149289758
 -3112.885045210558 310.0126233866411 925.5849610758426
 3066.144063130654 2911.94138751601 2287.754022550489
 297.5369004602717 -4306.930948865875 291.7612107729813
 -130.9386215868518 517.7909274819797 473.7682274358751
 5509.024053527656 -3118.678168331156 79.42732804479971
 322.4004347852177 3218.602247058423 2438.58919103337
 3047.230928050143 -2486.010076653731 2623.607951745334
 -1618.752884789141 2889.131305492529 1493.938477483716
 3365.663452573719 2443.294658769573 999.6665482177694
 521.2658960280723 -4488.764015885885 343.7827645760925
 3844.225155019979 -1413.845575864807 14.09599054548026
 -1672.845496827515 -4362.755840568538 841.7899018893926
 -2439.906014503009 -1742.027017303986 529.2393137881413
 2858.288468017044 734.4836033719414 788.9871446656742
 2543.692051208014 -3574.097362917555 260.8084368803154
 -1099.900908754401 421.6475114716733 93.39801818274822
 -2067.10576729027 -51.03782577326839 2027.444205429881
 -2473.553132669411 -0.7712309204741956 252.5737530071802
 -2531.748143412553 -1388.540066459148 1042.694145189067
 -293.3484759203323 -1156.816288920675 3307.50451898528
 77.22678939329373 3657.90701841293 1616.79817154916
 -3389.294079603041 -795.4649947161633 939.5091320592603
 3168.339568879669 807.9690181125093 71.2069687728882
 -2427.820385434316 -1432.752398078375 350.3715830983451
 -3429.375613981683 -2087.307093274882 401.7228856266842
 -3366.895202899601 -2260.010524166255 50.11239698076681
 63.22713763660754 -931.4725234931249 790.4992708438266
 -2931.290602671382 2998.044188308236 4730.364084029711
 4199.136218820726 -3966.116911196177 661.2601084763352
 -2022.216335290622 -1004.131731753977 803.8180444973896
 -563.1548773114088 -4278.195681911979 756.7146261161282
 780.5131862508597 2806.637664440878 871.6157145386088
 515.8419904563394 1909.757455417097 1512.690140712692
 1806.078842284401 -1034.911114681342 368.0423468093171
 -3442.962210795112 4272.435576861069 462.1170949732301
 -1765.242168324676 -4152.676445641654 40.57444890344515
 -2751.005072818188 -1562.391132586459 744.564968816513
 2395.583216343231 853.0551692536724 449.8261636988209
 2152.309685557864 2342.55805991815 661.5968698736779
 5168.797042169813 807.1026271722918 2073.46327360727
 -3017.870084474108 -4060.717949937824 313.9461909272786
 2460.428781226877 -1083.637137104854 1155.178812638516
 -548.6814424999759 2851.577440030996 559.1112023076075
 4411.502448429476 -275.8410837243955 1104.210404796341
 -3449.413444036892 1133.338443219403 438.76866611355
 4501.316592838453 2071.37670941197 213.7945023686815
 -4061.129037351556 1229.496642938496 54.54752086202796
 649.5131199978573 -2434.628275688378 1163.960789170422
 4736.124246081475 -1072.844212795212 51.48067844002314
 -277.2738974724267 -4917.401230845302 489.6021267164791
 2493.437651976243 -2201.215756908075 1460.384899567342
 3903.206427486124 -23.99961678831896 357.133141991498
 1386.560956835021 3247.167359518453 492.7200754563711
 -4214.447021812944 -1590.617472907941 1448.788845359909
 -2522.475456873658 483.2171337186143 360.3644092761932
 2161.873249894015 3969.889851095 7.812373764291569
 4133.063850037081 -1344.033628874774 246.5014089057534
 -1233.824242070155 -4832.15251700625 969.1146330325914
 -1597.395312938596 179.7594294677434 2135.953582526956
 -3528.276532731997 -3785.080346240683 241.1204048876542
 3632.325295118414 550.4949929241888 572.3396411533186
 -1439.877257352118 1995.61411064429 31.81110099592414
 2845.584306294303 -3401.89728363623 410.0750371009178
 -1631.95224978425 4130.312832306678 1548.286279529683
 2288.819460088289 -15.8837958457343 726.235719818274
 -4578.674836507225 -308.8424295431981 34.60862106842072
 -4607.781251275881 -385.2076432620768 505.4332567719899
 3004.644921094396 -4136.745217526328 247.6562328534418
 -1421.472291524587 -4718.261215454265 17.45499702914799
 -147.7873720416259 4175.04777542245 177.3043736804844
 4369.504135998624 2049.423900959985 1830.638666800904
 -177.2244236145179 4116.766792938384 468.3185531543852
 3916.408603714579 -4717.384005403539 235.5403555650325
 5389.812905193641 -3212.893753021821 92.82797921919882
 -3051.797145234602 1897.233091908964 385.9601173214659
 588.3335734126368 602.4034599725389 583.571065910859
 2731.224896940962 4280.678720590371 2449.025486365748
 6246.710083887649 2201.968945197671 308.3563389415666
 967.8901218977833 -4772.270900282318 144.6140631364639
 6217.410263633888 -4607.238439067727 390.2378733887741
 -4432.611262964137 -3116.217300670592 3139.403027130035
 4085.026157504819 -2995.196205278806 126.5042153940091
 4259.355540557184 16.09979837010991 1352.40004229713
 -1709.141091335697 3835.708699399585 440.3761409464457
 -443.0351697280699 4287.322158701968 1081.878336208559
 -1690.550851758592 -1967.029102142506 366.8329281523462
 391.5588167662789 -3364.893934971055 785.3006465374154
 156.391190634413 3286.182314811715 314.8867275638686
 -3719.976761656432 -2234.560974562507 677.1785782005811
 -438.145082427999 -3884.209330519734 864.7892858230853
 -4609.403464814737 652.7432808806827 676.5349059540833
 -3490.233270200499 -3715.067362989745 587.2105547081117
 -253.9558616430124 906.5475323102565 1149.37545525376
 -2425.768301481915 -78.4195960346221 2253.045166538337
 786.7060559195027 949.083677303634 700.6700773554973
 -1696.33251105085 1768.25575943849 85.4024634788537
 207.0476136064256 -488.2824633076783 825.316596173826
 4633.325408480342 1325.388347082063 468.5079020787794
 -2860.504571512192 -2125.608369136683 3675.90523462661
 1668.988028170894 1360.883756064294 2527.689196716822
 -2244.754023384287 371.103179970275 1808.999265787171
 750.9593198137503 3556.973632801138 56.07794648476879
 2848.019749023747 -2548.330737053247 2679.765263249567
 -4622.694454106319 4304.78246652389 201.1773840663132
 -766.6848940096824 -2119.577968460856 889.9769861024375
 -3920.95167774909 -4120.807621206426 727.7832502564122
 1385.717033063722 3535.977606271719 4445.155948183724
 -491.9065901046072 -2019.200417857667 244.7403419921046
 -4332.106243251517 -3020.624411721982 1900.67123567538
 -3921.718568910208 -3938.291995626186 385.9283792277097
 -1909.322673753906 -3591.278395601636 492.5653033126205
 3620.684351043984 -3893.135331419772 2364.455100354313
 -578.5554782651809 -647.5096335417935 907.9298511510291
 882.0192799249629 -2076.915278989161 401.5105594151709
 1501.576693581867 261.0432833493945 1035.616454018038
 1450.989915733044 2465.868358108192 37.96133336375048
 4970.173357388005 3497.744481344251 813.479225227089
