# Created by Octave 3.8.1, Tue Mar 10 23:21:24 2015 JST <ohsawa@berenjena>
# name: obj_data
# type: matrix
# rows: 300
# columns: 3
 3917.772940359091 4017.794696728005 1278.409664805001
 -727.896419270782 -3265.042698424645 251.2792591611695
 1688.604443563099 4983.396337271272 5430.174194802624
 1858.367721312964 -4247.965006200582 492.5653033126205
 -521.7175441082954 5353.148897397553 813.479225227089
 -3428.623845144377 -1451.605756797019 541.6094300520898
 -3099.176249860116 -2899.524641332059 438.76866611355
 566.6318857815832 -4871.268072985264 687.63815166402
 722.3716611474896 2815.726643877867 251.2309183956846
 -3322.219055797707 -3668.459501232184 1843.263956784086
 1132.854781925084 5290.119154736697 1287.089607196314
 -363.5782984216778 115.0506204230495 583.571065910859
 2319.960758711762 2832.582089268335 1104.210404796341
 667.8151451704143 -5345.405963265068 758.4561611594196
 -2311.508000289006 -3429.675655209506 625.4231952604874
 2221.020692716943 2853.341752285999 600.4495561789693
 4986.725303228097 303.136048516647 2364.455100354313
 683.1589838537438 5906.735797943819 828.9360748725746
 1769.433829350213 -2763.396551392053 1610.172828439408
 -63.437155950472 -1443.365973450265 907.9298511510291
 -2264.983990630312 1516.183535938253 1345.276921658927
 104.7295559122549 2197.967763868623 1144.693442695284
 4525.558282820525 -2283.416136171617 467.3511737174018
 941.6801694117344 -6481.148905258212 220.9050458527616
 -443.0203747391132 2654.277328523962 76.46553725866058
 1811.193660559927 1521.228074635397 3180.750091908172
 -3300.047176187408 -4033.605459242341 676.5349059540833
 -400.862399833288 -3600.097273630646 1042.694145189067
 2114.072154563089 3048.679105975673 1389.628634789089
 505.6583099482189 -3147.884778110602 366.8329281523462
 1286.543851417066 5737.087993865633 308.3563389415666
 -5178.156753791552 -1042.886055471679 46.44896611134266
 -3728.263359547407 -2696.895472636099 2074.634313556914
 4790.942928011167 391.7602730687779 625.7902885370933
 4391.142725687734 -2428.245065345422 144.6140631364639
 -1365.108736672191 -2490.213323401459 2027.444205429881
 -1248.257440603678 -1954.635465528172 2135.953582526956
 320.6708946995432 -606.0119604230923 825.316596173826
 -3725.457578333597 1126.42814350349 2113.154366641465
 -3129.256797430586 -1562.050903865407 201.5553377064734
 4242.022790308308 3969.99677152228 94.06666454770557
 1221.700064720485 -1178.023324567634 147.1278274613827
 -2429.428435629573 -4698.258547575271 34.60862106842072
 1147.759839983144 3953.109942012265 468.5079020787794
 -1089.850712254513 -296.6722574459212 1149.37545525376
 3825.632002097317 3450.560611003446 466.9026617421177
 3967.405371082465 962.8022464132443 234.5675079355651
 -2401.963936579959 -4701.24189102517 505.4332567719899
 -304.0340656779111 2355.228969767417 3015.790410504279
 -1123.751051183096 -1289.612128425802 93.39801818274822
 -1080.156620037975 -4700.424050405824 888.2476471562182
 549.5026191506824 -3858.238660140003 442.3584369219476
 -2737.907039512368 1430.326276006824 2438.58919103337
 5362.773088234004 691.8838380048383 661.2601084763352
 482.4414818996722 4259.496128063317 213.7945023686815
 3825.253578180067 -1961.458873704124 1130.699156694154
 1810.279794123094 -5566.33581843357 310.1548254998635
 -695.2202998374537 4196.765721978046 2948.109483919996
 4643.429854505785 42.06599019685677 1419.442811868623
 4025.724645109129 -2901.296703732151 436.4038868225077
 -2251.334067825308 1611.0302888123 871.6157145386088
 2116.165392049499 3067.25104636793 1352.40004229713
 1860.997816002623 2541.776023305909 357.133141991498
 -1361.694267941836 4763.365101492976 630.2940632657982
 -2240.993172160473 -636.2329183150207 3731.120165195378
 2262.911584489384 -5462.606173363482 1205.273800192768
 -973.9177631996781 6218.690716143032 715.8337814974893
 -778.2442806412704 -522.664038848998 473.7682274358751
 4218.531209584715 -398.665879874048 260.8084368803154
 -1680.773232784509 -4162.497378295297 4028.306795557454
 5339.850172970389 226.9372887834197 461.0545318109645
 -3244.420008363505 -2213.918930412019 465.9557865797084
 -1890.157781129142 3582.592883671146 73.94644650881008
 1674.009523326267 -4462.998778708781 541.5037180736223
 -3803.344820145428 1402.467615014928 177.3043736804844
 1759.914883238825 -6849.310204189149 1557.373105982171
 434.3107181837831 743.5548206660592 1035.616454018038
 3744.082243104514 -1470.492520936799 2333.337162276006
 -2559.32417156588 -1099.420524213097 758.4842649335422
 379.9769926438921 4127.093507685147 1830.638666800904
 -1815.498419135224 845.0495845887403 1466.192296151337
 -1712.442534130522 2517.78405576773 335.4174415438284
 1018.907183952156 -6169.318464699488 385.9283792277097
 5881.660423873797 99.32567563000794 235.5403555650325
 -820.2863402593973 -5858.317862146707 384.1100618099547
 -2813.828382203803 1994.514550520385 56.07794648476879
 2029.211902463508 -1038.343681150828 401.5105594151709
 2023.667162217877 348.0999446134806 2223.941963437469
 -2231.30045394999 -3103.297926972251 925.5849610758426
 6465.704753627904 1640.940254930242 1570.48138791711
 -2623.191658796077 1613.612235343424 2137.291853211647
 2231.723835639198 1356.631607605482 85.41335391286638
 1505.630599461466 -3631.741174105582 207.2513319203096
 -24.71229325840568 6051.665151772824 335.8719303263168
 3265.437841960772 2501.447637595681 70.5778476409005
 -1719.074033895654 -2387.469412915794 1808.999265787171
 4751.611061851466 -440.9113443311285 1438.355895619704
 -2678.969002853109 -768.4745862349532 31.81110099592414
 2692.779674063158 -1671.342386725267 1007.010124640278
 -103.9637115635389 -3554.613071262429 529.2393137881413
 -480.455555134318 939.7810003663569 108.2571149289758
 -2013.359744864883 -814.8489885388768 713.9215033560992
 -3550.092175153926 -2195.969088213214 385.9601173214659
 -2250.818701019851 2288.096472073901 492.7200754563711
 2149.788140104949 -3045.43867690822 24.5697819176515
 -2238.256328905888 3967.038408852623 2449.025486365748
 -6384.490652913253 -2190.49023140602 201.1773840663132
 -2736.562166514144 -1335.76591033138 1078.637776815733
 612.6329995171982 5236.815693899662 1167.48032822007
 2128.603320462566 -3963.649796970694 235.9403131942119
 -2211.912710720384 271.5657793474912 347.3469213531758
 3140.381521192005 1738.825011058598 14.09599054548026
 -1192.687606110206 3568.694762156147 109.2799470798089
 3661.980282468305 1381.591513974472 76.4924863329246
 4312.494150302444 -1093.109626212434 349.5477270731921
 -879.8575516801523 -1675.954020794859 17.75395898157759
 1563.811123843183 -244.318996039922 2067.148460727236
 305.9126664704232 1781.628693479027 449.8261636988209
 -108.1786172776799 -4701.225466083477 50.11239698076681
 2992.999860511927 -3481.926280050831 756.7146261161282
 -1626.227395967451 -415.7551318652039 57.37207852623991
 -5470.097377546927 -1157.616969815969 0.3884924245405038
 -1328.628241425381 5156.732647923054 53.93655927014832
 -0.4619586517599146 -4209.829728882914 3675.90523462661
 1254.135545913588 2657.817151332211 572.3396411533186
 -2827.086419896739 -3581.614741202817 71.99676315453148
 1739.136553183316 2083.044367674346 2309.299718977512
 2205.940130588458 -1399.167798096898 1163.960789170422
 -3900.210558087339 -1428.612091017081 109.0403629105385
 672.0803778614004 -1532.605876030126 3307.50451898528
 2368.871870551611 -5659.784350681188 2074.740673883538
 4474.978942450804 1057.461056703263 126.5042153940091
 1347.372596697143 -7106.976483592014 2079.390746587832
 -3050.298334627889 -1382.688759660037 2182.572920916599
 -2055.056658439847 -2859.177549670757 2.10159838617306
 3405.823258330319 4501.148796102942 1947.156611643716
 213.5955997932569 95.27015409689012 132.5301574596401
 182.3323067734682 3598.358034352353 1197.062055236971
 -2345.700781623766 -3811.863426026986 347.3548871533484
 4872.462857294549 -392.1654234843054 247.6562328534418
 -4564.788814789141 223.5867517855015 1548.286279529683
