# Created by Octave 3.8.1, Wed Mar 11 18:07:39 2015 JST <ohsawa@berenjena>
# name: data
# type: matrix
# rows: 300
# columns: 3
 160.1853660080145 33.50585180563558 2403.320219842563
 159.3599335120614 36.04598654999147 821.3848133196358
 160.5158207134102 34.5632449875447 442.4115500649212
 159.6435784170503 35.22550102324273 561.929387841379
 160.8633587572722 35.71463871065315 1357.649838964769
 160.163847734994 33.68426628433306 3912.262865394986
 160.3094921627779 35.18150964869234 1693.280511989369
 160.388459082658 34.38685459977386 515.5289808997572
 159.1887311424286 33.5446464181892 424.0093687524502
 160.6896587719038 34.45200807002247 251.053917667895
 159.4691907482976 35.54248457440269 1087.90935427332
 160.5044130720184 35.21890580683563 487.4057632622954
 159.7089174580019 34.49836864188941 77.97577479433025
 160.6275088588332 35.39441158101288 852.7188310984587
 160.6390998511033 33.83674863771781 2992.035180372019
 158.80423466849 35.94708278667773 1817.386349573018
 160.9590185540522 34.40530893662353 384.6556000778101
 159.1838672011793 35.13754628912659 775.360675077567
 159.9434509944082 34.84296906389098 490.9010148575057
 159.455010956498 35.00132421981542 220.8751667420815
 160.3662878602083 35.34187777201905 96.09444943190083
 159.478177078316 35.02781916704824 2110.701611863513
 159.9875704451126 36.32099776655245 1484.210481308379
 159.9295422161107 35.8077604811463 156.0174683614075
 160.1152058645687 33.87341071045118 1836.988670071825
 159.1201137491821 36.22434600800129 2526.546705623097
 158.9381817799895 33.69681800958367 155.3222222770574
 158.8824082696879 35.01862673919238 714.1415771988064
 159.3448675716453 34.19541770589656 817.6185174017725
 160.5241227220537 34.78029449125867 3966.727702191133
 160.6524713774742 34.17363523770275 908.7920033913978
 161.1661322217037 36.12200511892211 359.5809550346884
 158.9678441723429 34.23946641286033 1294.502254612948
 159.6382881130318 33.81651122744523 511.0021532517358
 159.9515361814242 34.80807333237897 383.9422424134407
 160.8610110489687 35.8636304192713 78.02446796031224
 158.5718346972847 33.97107549820927 977.1877188825902
 160.2461137547726 36.07463327645281 229.228733089063
 159.2519033597017 36.43658604094474 2194.006527852854
 159.2742759884145 35.85568681602378 4015.49730549214
 161.3658088888204 36.12698948960112 1986.025077467242
 159.7018910417657 35.78903236528586 312.7122384603233
 160.9041871582746 36.21903753087589 1587.292782964613
 159.238707592898 35.01038634099143 902.6862416145075
 160.1726851468594 35.86459064490452 380.1386925647639
 159.8295208550702 33.84537390113456 5852.413582961705
 158.7661486054007 34.36004925780396 206.9996554096648
 161.0696817937283 35.62919044220672 1123.091849993008
 160.7620085559218 33.79364764614205 1270.381100467215
 158.5782108612676 34.99300032858238 1556.744688073181
 160.2341596330828 34.61310897551138 1042.127591946472
 161.3859139979685 34.66374242459731 57.28444260270707
 159.0812429419338 33.63528977004296 331.022076735362
 161.4700339750095 34.60944745513593 153.730346150973
 160.9928740987867 33.91685219056916 43.58982099629849
 159.3979010820185 35.6851303026701 2326.997802920972
 160.4742239616146 35.06132779162245 962.860470383717
 158.7582103207612 35.32844857942059 999.9250239131634
 161.3753110297399 33.96917930244924 308.7339637491169
 161.1035375097637 34.3279717249462 171.0376990707859
 158.6884711267155 34.71269836098749 139.0497555081644
 158.7026113255083 36.49213037136056 928.9222899300997
 160.1091771059452 34.18078007122673 1800.821092396894
 158.7240536359368 34.94653321482306 1233.920389739302
 159.9248598917364 34.01467446977043 746.1315137078279
 160.6324990683669 36.38004902837217 352.0577246255942
 158.9952804562177 34.24372647532179 852.3767657793816
 159.5138944607652 34.65908048846745 501.3052148861881
 159.4536242525101 34.38102811002668 8.945158862698536
 160.4245284977709 35.40864085467697 99.88554606558357
 159.4120192133567 36.25841268147407 136.8326217465757
 160.2816523391164 34.86216264812103 14.94274234732057
 159.3533086250772 34.18168197744013 807.4360456133473
 160.6093795645185 34.10198532472121 257.6184669749097
 158.6783110620077 35.55103840037381 595.3414506375542
 159.9099029426998 35.93277034369932 110.8714794434495
 160.8744060962119 34.3061176310535 514.5091615558807
 158.5685519534707 33.7980572695994 875.2411241237749
 158.5887061302997 35.34769471856774 892.7880342738891
 160.1135727259222 34.27583359777055 2341.587998744393
 159.5191050111433 35.39089011773922 1664.828645918611
 161.155555783603 34.57427011486092 1876.915047423098
 159.92735323744 34.74542766973477 900.4649470514812
 158.8092366926445 33.75316467261664 451.8910124703584
 160.1187132438179 33.62413864376308 457.0052101048755
 161.3065083692754 35.58453724847879 1109.363778643289
 160.7013779379073 33.53876206638973 343.4223165125101
 160.1150673333534 36.49356710573211 1051.325468020101
 159.3422582802833 35.98681010608546 776.7266679879212
 160.1972424294013 33.53251098414484 1315.334120942535
 159.0446933460088 33.60193588218382 1173.038926573704
 159.3131312817697 36.26652451621746 1865.619233016771
 161.2331341324146 36.0529602036086 3556.410299984934
 160.2055244549402 35.76544587169791 20.97093249790258
 160.2345877133291 34.37971119925682 57.27851439285424
 159.7264978002971 33.87041183978395 188.7544338864406
 160.7459310472987 36.16364417623455 1367.258464973191
 161.3401723773517 34.60151558968504 843.0700743656828
 159.7323674006208 33.60858713784404 375.2164255530199
 159.8588240622281 34.79590067315158 2.990777931660848
 159.8381998547607 35.12778208113784 774.3438862792381
 160.8782932616828 34.6083727296289 305.9993652571619
 160.5541984959767 35.79523803543152 1367.047023298697
 158.6888047332651 34.34574711824227 109.3538469443051
 160.0536682162442 36.04893156650513 277.6574552551514
 161.3046755693946 35.53383887803692 1233.154989354259
 158.8727584133624 35.12071695074694 219.3122612351072
 159.663688220139 34.25399258493906 778.6360967932766
 159.5065218706241 34.63106226636888 1281.665026956977
 160.40367889296 36.00155927818918 3520.258141589891
 159.0498323267909 33.52773041579265 1336.063507649509
 159.4927540545717 34.80848277905913 99.03581881593529
 158.9860314326341 35.27670829847594 1332.879313350761
 160.7234406667149 33.99122812621925 557.3286825418099
 158.8635179028207 34.26256432161065 2460.804673231095
 159.4852017091227 35.25344446337139 435.5678617518172
 160.3252624666486 35.81152550357916 82.56705836085452
 159.9347188596363 35.72294190555786 381.7961052303532
 158.875242747204 34.75759900943289 2099.867613564973
 159.7389272479789 33.62287397842652 72.6842534525541
 161.4986257613702 35.80159274955833 811.4047217681685
 159.6805285458188 33.68749402054178 69.9565593214256
 159.968205483463 33.69304884281872 631.6538097259624
 159.9830708664264 34.3459340945982 843.7478886481326
 159.1440151380135 36.03563446928239 842.7778954945745
 158.7205482516944 34.02582241213803 670.5518322096788
 160.4643666218295 35.85037757661878 120.5124721835114
 161.3585207907919 35.55999799138883 2673.541932398844
 160.4262489723604 33.98201537095243 1334.317587701179
 158.7323986489066 34.32621938864558 417.7398556364279
 160.0884626333125 34.16885777446528 508.1784015684258
 159.6767464846988 36.36288980871183 1043.884497561782
 160.2452278303106 34.80512090011036 37.74101657917343
 158.8393325651164 35.32348015216757 1492.299093778982
 159.072389644205 36.07761651297394 706.7148188131588
 159.6304889070147 33.59884692835924 1651.095705255731
 159.5111836806931 34.10468051260992 1206.355295292939
 159.1757634386369 34.16914098156717 359.3005066083065
 158.7658328709408 35.66128822479549 2275.523453697148
 159.9253025278805 34.75333870868131 2473.274725038828
 161.1119957423527 35.81042374258613 2903.842185803218
 160.6239433414541 35.45465583447193 333.3377613420182
 158.6712992354023 33.93762000493232 73.89222105046159
