# Created by Octave 3.8.1, Tue Mar 10 23:21:24 2015 JST <ohsawa@berenjena>
# name: obj_data
# type: matrix
# rows: 300
# columns: 3
 -908.7534340408113 1198.213897227966 412.9172690219385
 -4040.629017176709 2679.182506782766 2780.803122992969
 119.9307256399609 -1371.724709193473 101.6845066667113
 497.784701479856 -4739.328645885183 871.5773574946568
 1709.809255509955 -4366.875757720499 1474.052156617684
 1080.713499844224 5655.762938634158 70.64039915994974
 -1771.375915762821 -2149.839580352746 2594.534254648986
 4143.627514600268 2887.82283413397 1186.475320805526
 3424.44279997817 -1658.074880310839 1474.422557775264
 2662.584757033012 -240.6580962713007 211.7393810686491
 4773.755597353024 390.8686235087572 2959.071215457416
 1343.807162529792 -438.8686622885102 3310.849276663596
 3749.991140609566 -2096.655446094424 685.5195339425211
 228.7352494090769 -2552.341720608624 2665.728395999922
 -1757.436877396984 -3144.149070417438 391.3766072658822
 2202.632654031778 -652.2942598563759 482.98255377084
 -2666.310411473142 2990.407674225437 2552.749582078026
 -1116.670399214963 -670.1141948518155 79.9539628798378
 3809.735531299202 2355.991624625744 372.3590222080488
 726.9709945172514 -4678.175207033071 382.4996605972735
 3987.361267144193 -1159.937328987773 1513.621581896876
 421.9336763043299 -4708.907416014635 126.0227804470911
 -2706.501719838813 620.48147545863 1347.37974797404
 -3392.487126706009 -4382.771026102278 780.2305115497226
 -3234.586332516705 5231.118558058505 678.8460656159258
 -3672.429752300756 -1768.207484093623 550.1336901335388
 3794.24176513445 -1670.547993069028 1298.765823915327
 2606.380815371726 1168.630454998945 993.833304046017
 3021.24185180431 -871.296494860303 1739.471293359671
 1575.405184244591 1924.923085060196 2268.74268782646
 193.344777144961 4248.126639735534 1428.519597023812
 1292.599809664898 -339.8580287260818 721.8699807411567
 4380.731297113927 -3277.126247380802 450.45060839449
 2789.379020590077 2677.993347367057 2826.048418183167
 1085.091514854091 3748.683451254112 1581.372656282081
 -2799.459065708819 3001.488224248044 443.9793240785428
 -1795.433582546093 3670.7740786858 1383.654244629899
 4525.438457086073 -1873.540312880385 1390.573601282872
 2637.715789167386 481.7788970399408 1186.38457035496
 -2015.179331526705 -447.3517865282573 474.8174175462736
 -656.6912309009874 3090.983779626792 874.4021235984623
 -194.1196365337222 -2971.605310230469 82.07768877445977
 -3765.257858290523 4258.462039460825 119.8811621630101
 2298.248615101286 -928.7655186714651 915.3159115850412
 1156.445062645509 4817.55334243602 828.3596766927204
 1672.271922722937 3693.647581734114 20.07304076110076
 4836.289207721861 -2892.784130726524 1364.160417877229
 1974.19385847252 6155.008286176945 1117.431034618166
 3987.389154313808 1285.824755824452 2342.562715336154
 -3812.998512245279 366.6344220085508 1440.443770927511
 3639.567732164304 4109.881354999887 137.6454511016543
 2294.300257186503 4988.288723436764 6164.637734673876
 3081.480361332309 -3329.977930391274 695.0438455925198
 4291.115146567992 1884.449121417245 422.1781195698477
 3915.797825322717 -3718.715536496745 372.3753035522909
 -2668.399170996391 -624.9212014644859 670.2979403686833
 -2808.2725446472 1564.893553802197 2068.159719428043
 249.7110146725678 4133.41737739886 1651.318495884685
 -3090.759537791 87.55373545564788 366.4665556748216
 1267.766395210449 5876.908295084765 1530.441599248721
 -547.6562545484319 -2160.905339494896 642.1599972043044
 -1107.23559833476 -4164.865059531907 258.0008001129631
 -1221.073884396848 -1205.007347069756 735.9867549020305
 4034.944926924527 -1710.56040574068 444.6281221541927
 2435.807577512551 -4937.375545319512 858.7245947752433
 -3020.3218548389 252.3708083619475 2581.724739924072
 -525.463791227093 5056.387225404152 2161.675104023903
 -453.3700112098376 -3916.010929959973 174.337492812408
 4906.183482157356 6011.314849539959 1178.214568247636
 -1551.776510092847 -1748.381741493622 888.8858277382817
 -166.5286154055443 5754.921759377708 1565.216670049577
 3077.517018908613 -2646.952973662923 2468.342014492803
 1087.807790291988 1873.028701398639 70.79850931756762
 -108.5887069365054 -649.558218087464 1818.581408640982
 5116.313263944994 1007.217239011058 587.2523987645671
 18.51352046899541 799.6145190074636 1865.070399443729
 -823.9740054528859 3260.312071554838 522.3802013536035
 -1649.830261793275 -2036.13771906553 1940.76820573306
 4938.894530064347 -4484.191256155301 261.753073839223
 1148.666907473737 -2605.293268992705 378.8941802535152
 4230.293279404539 4004.416903133716 661.3398611798748
 -1516.995805750274 -1147.640707865397 3903.917025259145
 -1901.501748909497 6158.234814539924 651.886139758076
 -2518.182957807286 6003.607671458857 932.5302738414613
 -1199.689736201871 3629.160423394869 1404.990765181432
 -2112.797922397393 2066.873934821495 1433.310885789812
 283.6522080802223 3776.628715545075 447.2503993507232
 3170.656461786625 -1768.35991511905 225.9390703623055
 1258.186384914344 1662.351225864837 640.8660233081312
 -743.1213554832116 677.4027295313116 1160.35861665054
 -1827.958375354884 -1530.770234519231 125.6329529406152
 -15.09566162267424 -1719.632465116068 2227.685546759938
 929.0293907465617 -3528.110209791733 1011.393206647048
 -2248.204652486924 1367.788913788061 443.0713680535848
 2465.982396459101 3480.599637893988 1183.349879913703
 200.2684905882239 4182.00975079163 437.5612400585613
 921.7717002622945 -2596.303679875989 892.8777871231587
 -3574.962312328004 3891.261217561178 736.1703786197404
 -3998.175364121122 5322.747108301131 861.0651221896155
 -1912.104062687818 -3302.468341765227 583.0739523289767
 4244.691804344546 -4117.131554288836 749.0303088027241
 -3463.79628768626 14.82244288596047 1635.825433323066
 4980.50935882634 759.7271757212127 386.7013568838902
 207.5532209415773 -2193.259701502375 2609.377515464299
 -1052.922091844997 4529.948530912824 480.6339472645312
 -3219.135259900953 4904.272221441266 1613.905323351657
 -975.8289277864997 -3969.456501890919 527.5624836476914
 247.6501398584836 2162.622830135325 961.6827102187181
 -327.7446597440921 -247.5553186207742 529.1135933273874
 -4191.763219144277 -4673.223171991448 358.1106582200586
 5104.108656080371 -487.7580793827534 723.2161346765008
 1318.208595632685 2315.761818123427 1432.755793095539
 749.0236740507529 -2393.417204820464 962.1503686210119
 1257.376737467407 2349.769425086483 1385.022522288204
 4419.480632860761 4318.671854447419 553.6385764479002
 -3984.746850451082 -201.2248819335219 839.1249610505217
 1161.280348471705 -2164.84102919089 1134.469486776678
 -3136.26230060108 621.6351537455153 2552.798278874147
 -3410.104665865618 -602.5126456474359 942.1187096324848
 -718.5682980411143 -363.8386918816256 1179.753319539179
 -2530.740941620811 -1502.58030490853 674.5879883152724
 -399.9196194926848 473.0711771030073 745.7045174094894
 -619.3148960603896 2284.380997055986 477.3002456053076
 -1699.806028542199 2565.956777602709 879.3592319963906
 -42.83471217119143 1380.281260646954 1102.042377870261
 -4102.10468980803 -494.4891598825421 1296.296292310872
 4684.422284599164 5392.410096588415 1637.390364871045
 -817.4054945770336 -317.7346671915511 661.3904485468618
 3153.483351689876 4496.396696616215 2050.809815677297
 -3230.732941833143 3540.396915099177 834.2270655808773
 1124.656627123124 -78.45359097274832 1180.060683657469
 -3987.290594866414 3106.781963577133 170.0034463509042
 3710.023952455796 210.2197854226146 1323.554383668021
 -3815.689914751354 -381.8799855075423 2177.819960896217
 -2287.306548935705 3952.250207760108 2680.179903063361
 -1986.565726889874 386.9954361428386 1547.493657902638
 -3499.153054163899 3510.659208432071 204.017181251212
 1435.11362941458 4358.498452274821 98.31637632387823
 193.62849894804 772.9971525572058 382.9894347570286
 -1708.330785230261 423.1740792154912 1535.300145491726
 2129.763342656155 -1849.858444206894 858.7482249955798
