# Created by Octave 3.8.1, Wed Mar 11 18:07:39 2015 JST <ohsawa@berenjena>
# name: obj_data
# type: matrix
# rows: 300
# columns: 3
 1523.855844244414 -4482.003852294643 69.9565593214256
 4615.089108199419 -554.5814694250323 139.0497555081644
 -4092.858241912858 -940.7018971905945 153.730346150973
 3291.490138243242 1431.488643122544 526.9913397422637
 -2920.253624162486 3615.734998863654 2903.842185803218
 2096.936472175155 -212.8098086370284 99.03581881593529
 1655.866214068297 -3990.355426300236 511.0021532517358
 -608.5357097322228 688.2363022818264 45.00218257007557
 4793.484811575226 3783.857876210551 102.4670033638918
 893.8807066776463 5375.747480994813 369.1588756739195
 2190.82993692937 5930.502961163382 1321.515926807321
 2138.12440011014 622.1151655431131 2110.701611863513
 168.2594819091163 -2605.540928155221 1800.821092396894
 1915.767141123312 1113.101231832746 423.3436114909773
 2162.240079143268 -4182.145021614764 713.37254897291
 2052.457872971441 -2891.699028059695 1206.355295292939
 -1852.677986834447 319.5976542494452 2837.19323409508
 713.6999453047831 3263.342967214457 381.7961052303532
 -173.7341867986764 -754.5310226263935 967.2949349888415
 2750.666639858546 3776.833655876353 4015.49730549214
 -4181.746066580749 -3512.355389955456 587.4900162077151
 -246.4667139826352 2906.668239173602 1146.200851304374
 -3900.251052094353 5657.302348247348 1138.926866969603
 -1434.714918619019 2019.117710045734 852.7188310984587
 147.9287146935804 -3775.544260049034 1836.988670071825
 -1305.463419787793 3050.398478461987 435.9809304329364
 -502.2642872752373 -1604.915117395785 453.862915568606
 -1632.431138788297 107.2267534492034 785.9949718285935
 3828.26348185159 5132.163883116968 350.907783988327
 5040.232546073072 -4031.147528650855 875.2411241237749
 3869.455691184668 1555.714785382134 514.5618028585383
 -2797.021025088899 2924.453736272171 1123.091849993008
 3125.206602331227 -4306.907878013332 623.9701907457151
 -3829.641070931945 -3382.053874981451 308.7339637491169
 256.199366643872 -4567.398144713228 403.185825384605
 2353.511182951123 3209.619524750973 1152.810859473017
 -1652.293176534595 -1566.058292415145 251.053917667895
 550.1204612732889 5539.903671643303 1484.210481308379
 -2956.481079544995 -2026.658822012217 171.0376990707859
 -2143.759440834915 3810.456111284861 78.02446796031224
 4492.38173873964 333.9223369058654 1233.920389739302
 2049.874236286624 -4589.992985296809 602.3658732806867
 -708.0093561532778 -1819.056288026874 515.5289808997572
 388.89347701319 -4691.888815837277 1559.05565216039
 -1653.001463777136 -4022.175242439729 1.798825894080678
 -1542.50685137426 -2626.348331077729 908.7920033913978
 4619.958996844984 -1025.443044697694 1534.245546146132
 4209.139845065973 -3013.219600511731 597.2873995166921
 -3737.94432071392 3969.22544311518 1365.023298146507
 -1771.016006034861 -3319.183149320034 557.3286825418099
 1337.918141991064 -1316.433950450441 1035.497986471865
 4494.940235720187 1110.072074737858 109.4298877066734
 -76.38758497651497 -5174.691802785986 2403.320219842563
 -3780.192699677521 -2314.930673425591 1452.29822592458
 4772.77986576279 2193.956961645334 2430.901318664681
 3051.903585047498 1045.839978889278 775.360675077567
 4328.413934239856 3052.586149535021 2275.523453697148
 -224.8152468654692 -1847.727529982169 57.27851439285424
 1424.945021478443 -1395.675658281108 77.97577479433025
 4388.618431552071 -1899.85052960477 206.9996554096648
 5104.288644818133 1124.190051387696 41.7681541241389
 3204.100799694753 -1485.446542474776 1038.5217848872
 4889.776516527623 1826.922602028206 31.99148718985359
 1781.448109027466 4907.195873542787 1185.70326789883
 -3179.697614877409 -2966.958181690673 386.1784521730488
 789.6536953827176 4062.066317943659 110.8714794434495
 1236.871918594768 4400.062464851268 351.6347512852966
 4010.535866125434 -3932.592041110736 430.0212383213793
 565.194256208752 -1977.128371486066 843.7478886481326
 2228.102952962926 -1838.946412677394 8.945158862698536
 4196.622251083441 4138.993333895927 1817.386349573018
 715.0134664004886 -2462.134337740901 443.6748303129377
 -2373.40053556942 -3435.869607610503 803.1841971770585
 -3504.584372646749 4193.652601985481 412.6630542609953
 1966.187369766581 4387.836073621237 382.6935406997346
 -3038.715665003043 5936.953975941315 1559.73280871448
 -4051.827795615712 -3944.226267983674 824.3121947224477
 1339.532317282319 -4728.569516654949 72.6842534525541
 4994.798994132841 2901.79619370083 1696.802238907481
 -397.2782454754223 2822.967475170668 714.8154385775117
 -1628.432872983726 -1444.826899235386 1945.577865954562
 3995.248071730608 602.3783272472838 714.1415771988064
 1969.391023123364 4728.546535793917 483.7450233094854
 -3109.154039112545 -1087.406587190574 1876.915047423098
 2705.030839180939 3177.521506280772 174.7038762525352
 -730.9758739296053 4326.360927766662 3520.258141589891
 159.8542933449111 6197.214948351845 1051.325468020101
 -1752.986364151913 3707.692168842059 1800.497300545399
 2803.12073237441 5988.909834087699 2194.006527852854
 739.1630254347207 -456.69029971571 900.4649470514812
 -2152.603184402709 820.1377598790666 199.1844331442477
 2188.1921914579 3244.720735093319 559.9324911938331
 -3789.271590159608 2498.751664748411 519.6264106973678
 2462.993122267554 -4733.468855188701 3224.520318497669
 -3093.21830008131 1867.701540348751 40.03492897145939
 2481.782398720546 4499.382483056822 821.3848133196358
 4944.918187975591 516.9065129273524 1556.744688073181
 -2243.794127237108 1319.929078741397 1462.408564818702
 -1508.605854609403 -3909.043820277625 2992.035180372019
 -1056.197640114878 1349.023359536182 487.4057632622954
 2373.213615402723 3125.068492978371 2326.997802920972
 3527.363108821547 -5078.08840187464 1336.063507649509
 1814.810410089931 5913.908107367139 437.9261966540581
 3213.887227932654 5184.177803297342 2526.546705623097
 1502.881927210411 5701.06513592084 1043.884497561782
 4721.434267123141 -2736.70201055833 1071.204753626301
 -122.6798167243462 3425.715884957374 20.97093249790258
 -4005.214822898089 -3087.953865495133 3753.73471255719
 1422.720912536526 -2012.250826009095 50.48995650116488
 4893.112896798141 1866.374571170552 892.7880342738891
 1693.647783409084 170.317934067849 38.37070742966845
 3759.579759313209 -2365.893168304554 1294.502254612948
 -113.8853419292101 -5073.103716177361 1315.334120942535
 3452.053096168232 3642.088816030587 823.3596697447821
 3107.53807523252 -2639.539632101657 359.3005066083065
 3874.882200820959 -4430.775400118434 155.3222222770574
 5063.550306675855 2317.094114077374 213.1556256688771
 3146.644078497574 4465.079512995227 842.7778954945745
 4060.277162351959 -1955.735820577535 3874.598247359888
 -55.65489291105621 2575.390252456418 12.74691530762544
 -2139.846279341999 -2486.802402023719 1322.523928024933
 -1713.483615467184 -5042.366797139178 343.4223165125101
 745.5529893331623 -426.5798364806807 2473.274725038828
 4482.85634466145 6218.280382051887 928.9222899300997
 916.4384607765179 1145.604137999611 435.1463412269775
 -1758.005362718508 857.7903599491573 2270.334746278084
 3320.95696156387 -2026.184192257929 19.24460234880071
 2111.808288900475 1480.628645341927 435.5678617518172
 1683.59617350574 -4819.010408915609 1651.095705255731
 3540.970627420736 -4795.360625720489 1173.038926573704
 3678.283411110346 3049.682597624401 4184.947663020245
 100.3991966352599 1138.134290605151 256.9397337224236
 -226.6881612473456 -3065.56395993413 1421.605136982531
 268.2146516090706 -2339.862438074742 1264.270881089057
 -2155.903277097332 3243.408210344669 1357.649838964769
 -3073.523369001659 4803.811357973967 359.5809550346884
 1118.437269102418 2729.004194567349 912.6538657200474
 2155.720628969048 2580.893867662896 1087.90935427332
 2749.966580756065 -4544.040664036559 311.0608446935369
 2228.607050636753 4131.546734847893 931.3929879494671
 1149.28651068927 -3032.481429097089 307.333702662883
