# Created by Octave 3.8.1, Wed Mar 11 18:07:39 2015 JST <ohsawa@berenjena>
# name: obj_data
# type: matrix
# rows: 300
# columns: 3
 911.5120829332005 -274.1643991440649 383.9422424134407
 1555.431011203148 -4463.308499292558 417.7398556364279
 -1908.987162701388 -2644.293640226037 5852.413582961705
 5005.344983098561 -2614.821168199138 892.7880342738891
 198.2641317594826 -6034.663474032263 875.2411241237749
 2825.489793937121 1884.557304381826 12.74691530762544
 3674.151733435426 -3346.596106797245 189.6935110822401
 3492.958074087492 2415.35235339885 20.97093249790258
 2247.319274071474 -2087.177055885993 1331.331986635375
 2390.40341235392 -1143.017103014653 220.8751667420815
 -3726.537914599949 562.8135463148478 43.58982099629849
 -846.1144693599133 672.7404798164474 442.4115500649212
 891.9166216146242 705.6577390901891 163.2710235761533
 3129.788532981059 -524.6770779844785 435.5678617518172
 2117.347151247149 114.6020478960967 774.3438862792381
 1053.669727457956 -3200.27380615843 1080.191008792023
 -1825.168296016766 -4290.874989199958 3224.520318497669
 1370.70107125229 -4061.723807750021 3874.598247359888
 1037.250283028799 4871.439884264834 1109.363778643289
 7165.735893851056 779.6354615427449 641.6781796362912
 5458.566553731287 1221.802666109649 382.6935406997346
 4635.269566372767 398.3494034594098 559.9324911938331
 5672.917126287497 -1483.140354038879 2275.523453697148
 -1785.346232658938 2800.477154486121 1388.115887033092
 -1182.645107246341 -32.3147285832797 515.5289808997572
 -1234.912940987552 -5051.765581241274 331.022076735362
 -3575.129474592914 -626.8380523794553 128.8836967741277
 4485.973825682858 -2027.701526868945 1492.299093778982
 3417.770863391181 -3351.97304960544 3313.516609770409
 4653.158161539414 449.0045201305329 419.7860886914016
 2664.197807326935 6156.252350372418 1986.025077467242
 361.3847198074116 -1563.895962012397 77.97577479433025
 -4272.588451433225 -792.4349015124828 796.0243578116105
 1721.137246466645 951.1080092964191 256.9397337224236
 2501.27672266373 -3659.222157006193 1669.70066556474
 1769.934933911695 158.2405830529724 1467.769561296687
 -1345.580843820778 -1278.239145711988 508.1784015684258
 -601.4207269506893 -1176.188694299747 843.7478886481326
 506.7339735663832 696.2282094690581 14.94274234732057
 898.9797524901617 -3488.345435803138 19.24460234880071
 4400.331726547995 3175.209487902059 229.228733089063
 3510.813529099525 -3139.341171439467 1233.920389739302
 -3547.775032502238 -2344.537417949445 1315.334120942535
 -3714.650079809695 -304.5089023220535 1270.381100467215
 2997.01848248434 3652.666956218665 2159.450153280203
 5678.061928149743 2663.266197209994 369.1588756739195
 5048.906987537734 4024.559273789704 1890.530287810205
 449.5080799946504 -5464.507123014233 73.89222105046159
 3454.600955758345 3795.149488779132 96.43458528248817
 6499.846132653029 -766.5977697302865 1817.386349573018
 4155.606467735517 -2707.578153017231 109.4298877066734
 -1945.766897768436 3628.7588428847 772.5947566068111
 -4425.282077868223 -594.628928730016 1438.55959108643
 1858.155313122133 -2256.34786605231 2091.001231365165
 3115.448889491352 -1265.349354839334 1200.660743846063
 -1101.209140954152 -4601.641322002707 623.9701907457151
 5786.094785980895 1665.49447684355 1185.70326789883
 -2418.813453252929 -820.1109215018274 78.81005444022618
 1035.460651289961 -539.9238902386234 2.990777931660848
 4945.729283228397 457.5093589708165 279.7973639768138
 -2284.347397756145 1068.668015911093 514.5091615558807
 561.0564142358173 2996.233574057817 1462.408564818702
 -5325.954800501247 977.003142135577 1025.031556256194
 -173.3754433998262 1152.794270138237 3966.727702191133
 1046.814847750069 4726.467030226711 2.916132998609564
 6816.468234220333 632.8488868392501 2526.546705623097
 1600.59116503538 -4302.84036102519 206.9996554096648
 6821.620679393481 136.8958091124382 817.6160510916852
 5390.67566927888 229.9312310118362 4015.49730549214
 -1660.528908973319 -3206.094942189954 511.0021532517358
 -2347.229757812169 3265.099356702346 153.730346150973
 -2990.544964250052 2728.817285949541 2977.019722070274
 540.0609791919778 4006.768747883313 40.03492897145939
 3254.765013585426 2862.711946266379 52.97233648166289
 1884.095320211011 -1006.689901863416 380.6932489214952
 -581.9003463667405 1110.694275887999 1511.449784045851
 -175.379780131083 -2937.199518591293 1152.267679184713
 158.5082158323899 -2437.797195956903 2020.034661006886
 -1130.723747063338 -5741.802469689513 1625.24384834787
 -3516.252649589343 1374.714226961663 386.1784521730488
 1592.388110116197 5750.331222004877 543.7705707993696
 4181.56048947152 3671.83875784748 132.0861382887725
 -802.6105443926479 -4432.885218722142 158.2371335392833
 -527.8769597292855 -2920.663882310561 1206.355295292939
 1249.091928691778 2027.773846916256 487.4057632622954
 -1918.604607007466 2367.327498417628 1876.915047423098
 -4990.331404581601 761.568480306632 169.6821621273018
 3826.026828599527 1631.424319303168 381.7961052303532
 7685.139437920715 -347.804314785697 1715.60856525088
 -2918.109176993245 2860.941407375709 18.89466499669825
 5482.197445619078 -1944.90623307489 595.3414506375542
 1093.315298488839 -5046.683352050391 1071.204753626301
 -741.7317796756267 -2869.828804327588 175.206442550561
 4629.696956034637 1830.795844132316 1541.799519064056
 3812.848691305991 6799.764580338726 2066.80289512844
 2799.500363439906 -1680.301636607515 902.6862416145075
 1839.85247979609 5142.806433260537 2110.122384922808
 5061.034232974344 1833.220840991984 351.6347512852966
 1281.933966982485 -3088.971002509159 1038.5217848872
 -2116.211224484824 1498.522618638484 384.6556000778101
 -49.49870546294039 2112.46633548599 2837.19323409508
 287.2422201275185 -1571.043168186093 118.2526595424328
 6439.612511073346 195.5054502094008 706.7148188131588
 870.9102462792171 4954.92957325022 2673.541932398844
 -1937.209827401248 -3868.149317616188 602.3658732806867
 774.3007959053557 -4920.661618871301 273.0361928428784
 4102.658020068942 1798.687171401025 156.0174683614075
 951.8873728206474 1287.463483674003 45.00218257007557
 449.3662055559555 2335.131359392358 2270.334746278084
 -1386.831432392513 939.7933828189077 1945.577865954562
 -2482.640440322961 -3404.55447341927 375.2164255530199
 2183.746459259505 278.6098993570949 435.1463412269775
 4868.662838343976 -67.70766881814279 174.7038762525352
 2773.045247279261 -3287.191609478255 1361.068364915786
 -1536.166034598928 -3733.315988656824 713.37254897291
 389.6710429991606 481.0461043499713 37.74101657917343
 3609.531791026922 997.1824321133248 912.6538657200474
 4644.95549311074 -2224.084653371873 999.9250239131634
 6590.142867410354 2802.689924937488 2490.829392126262
 1694.347681684489 -4533.451348159228 109.3538469443051
 52.67160887049113 -3158.523840553571 817.6185174017725
 -2141.701549082813 -3371.819616427189 69.9565593214256
 197.6077375706245 2641.212321741325 199.1844331442477
 6613.70288182594 1212.238940151644 1865.619233016771
 2681.756190091679 4306.089934167368 78.02446796031224
 443.0631024998778 -2477.565328890085 8.945158862698536
 -376.1233205032872 -5506.330883049734 451.8910124703584
 2520.279718904581 3186.327418555213 435.9809304329364
 3193.482543806497 6616.22634019665 62.58418369380471
 6288.345031769579 2340.093838203057 1043.884497561782
 6182.755904455078 286.5435363599581 842.7778954945745
 -2950.561495740146 -2548.382064470352 1559.05565216039
 -150.9115298365512 -1906.732461479134 50.48995650116488
 -3020.387518522748 10.07950060013422 557.3286825418099
 5839.450712501445 856.9568750291924 821.3848133196358
 2238.219464811911 5648.494412409801 412.6630542609953
 -2030.078126736576 3157.454731204082 57.28444260270707
 -5.348262915633541 -3166.021152286892 807.4360456133473
 1574.716509280079 -4096.818733435468 1848.332284532259
 3230.333460659025 6795.080727243117 1138.926866969603
 2839.703974097962 2305.963554363972 714.8154385775117
