# Created by Octave 3.8.1, Tue Mar 10 23:21:24 2015 JST <ohsawa@berenjena>
# name: data
# type: matrix
# rows: 300
# columns: 3
 161.0164384408089 34.69702266707851 559.1112023076075
 159.2180840016757 35.76863556839949 234.5675079355651
 160.6474137220297 34.5621791721975 3731.120165195378
 159.9246668951961 34.23653661651264 924.214819525848
 160.3649929038204 35.46518663311173 449.8261636988209
 160.4789440491813 33.93049633867469 438.76866611355
 161.0610689535683 35.8302455022942 2948.109483919996
 158.9945300185595 34.98021995919976 621.5374827611956
 158.8881027029089 35.65247908155068 1419.442811868623
 158.8912135409675 34.55564470786719 922.449665448557
 161.4389354467805 34.80410983299766 177.3043736804844
 160.3319054130155 33.62416223696173 676.5349059540833
 160.7214291575035 33.86979744813699 2074.634313556914
 160.4705061316858 33.82163530529441 248.2555418874945
 158.877933933349 33.77928820974527 385.9283792277097
 158.6025767601884 33.67946533508651 89.15400919949656
 159.4592271324339 33.92089007590889 401.7228856266842
 159.9895319780675 35.99018698981448 1104.210404796341
 159.7001686028631 36.01030491812184 70.5778476409005
 159.8790043724283 36.20027901650183 459.0168582265059
 159.7903675026061 36.13108364621577 824.9310056202188
 159.6216817158241 33.71756624450401 1448.788845359909
 159.1342108826265 36.30342737241341 572.2585136565699
 160.2688267323701 34.1716574176819 360.3644092761932
 160.3053410768075 33.83619090784645 71.99676315453148
 160.3936469225855 34.76921486668727 1149.37545525376
 158.6280552295319 34.09773718826113 1205.273800192768
 161.0465333467835 35.36717552996936 335.4174415438284
 160.1350352098445 33.85719540696218 347.3548871533484
 160.2687285403558 34.80010952348269 473.7682274358751
 159.4311656505936 35.05344348038666 401.5105594151709
 158.5983076343872 33.60847763125668 2079.390746587832
 159.69860204682 36.31396877092439 466.9026617421177
 160.0740289478674 35.85779232960213 357.133141991498
 159.7934901684886 34.29644180942685 803.8180444973896
 159.4849499578727 34.37829625408432 366.8329281523462
 161.3636945461907 34.05263419078248 46.44896611134266
 160.5203904863409 34.09713276332109 1120.666939146582
 161.1055803823325 34.68532272267224 800.0540851795793
 160.8081632470395 34.74523385970993 347.3469213531758
 159.264350905206 35.56692643639876 2679.765263249567
 160.3377384195901 36.19352681903558 2073.46327360727
 159.185824106669 33.9878280708495 687.63815166402
 159.5809582818936 35.31321737391459 789.3355344455753
 160.7195376737756 34.03723144979425 385.9601173214659
 159.4296380476492 34.62007382757447 889.9769861024375
 159.8984996406606 34.67746848047999 907.9298511510291
 159.6789333382029 33.79420338247637 888.2476471562182
 158.5295954442831 33.97426424961457 654.2806070838783
 158.75006426059 35.59664510813182 247.6562328534418
 159.4909630033708 35.88949322496519 239.387870962065
 159.022180272282 34.916144223946 785.3006465374154
 161.1705941422917 35.02318923686128 2137.291853211647
 160.6834207966006 34.31893616904955 1078.637776815733
 161.384058763991 34.75727648872429 2113.154366641465
 160.9989890826044 35.04617487775532 871.6157145386088
 159.1853148023053 34.16725686815018 2467.833381301839
 161.4703740625083 35.56054598631055 2449.025486365748
 161.2201971524819 36.23370102964741 559.2441357918146
 159.8988429045434 34.23381255386117 863.5534890131534
 159.1533779526555 34.3978729514676 207.2513319203096
 158.8261986960954 35.61860107757747 624.6742822226911
 158.5532412564176 35.83131227936866 235.5403555650325
 158.7318649595007 35.77680339985438 461.0545318109645
 158.538310578571 33.66150431261136 1372.384238603041
 161.4727551446658 33.93859361571325 462.1170949732301
 160.7457128908394 34.46095240139092 31.81110099592414
 160.7720187594139 34.23427895646033 201.5553377064734
 160.2213952794845 36.37726527380768 1468.278738328361
 158.6610108140216 34.94169155821448 343.7827645760925
 160.1584540198699 35.07547625485283 1326.516062170644
 161.2731734180134 34.86271647151787 1616.79817154916
 160.6015948339834 34.97890634258611 644.632856040506
 160.0284163936262 33.62830881913572 34.60862106842072
 161.1730195709052 35.26582383196309 2907.490895156756
 161.1320603613916 34.92652444503403 2438.58919103337
 159.8144733962561 35.35750471781678 66.81532818591856
 160.0852540069532 35.43371241947344 726.235719818274
 159.3000773469828 34.21655731838568 442.3584369219476
 161.332346429114 34.39360718984716 440.3761409464457
 159.9926814955003 36.4886057721584 1947.156611643716
 161.4203204941367 34.79632963585836 468.3185531543852
 161.3865204203649 34.95392194823604 1290.193094390942
 159.7597408537706 35.30204891342969 368.0423468093171
 160.0851310348139 35.95151850722541 1352.40004229713
 160.3470078827244 35.66804810699787 71.2069687728882
 160.6556850227035 36.22218720264088 704.9980786761395
 161.4333205580491 33.99311388321204 0.3884924245405038
 160.4750603386263 35.51346661938711 1144.693442695284
 158.8107578331243 36.3065863874764 65.23818021385777
 159.4041046260227 33.93626329089564 50.11239698076681
 160.8461865154134 35.40563199081739 661.5968698736779
 160.0968237789837 34.28911025116571 2027.444205429881
 158.520934533781 35.12114803129803 467.3511737174018
 160.887829400475 35.22164192481949 37.96133336375048
 161.4951348893952 34.28008190569832 2124.768992226311
 159.7794343848193 36.07090171014929 1559.229634383352
 159.6445151760043 36.46476059334205 94.06666454770557
 159.3986548395006 35.806953378878 76.4924863329246
 161.0327276972482 35.02413210914957 1345.276921658927
 159.4596895651452 34.69285738671061 244.7403419921046
 159.3934889867276 33.56683216320175 384.1100618099547
 159.1711538618372 33.67799040792761 1900.67123567538
 160.8508291788445 36.10782678344945 456.0231582370166
 160.1250174374232 34.50494346547415 17.75395898157759
 159.6208562881331 34.10205403680307 744.564968816513
 160.9697295074761 34.46679444595821 569.4150984931471
 159.7682405278011 36.11736556708981 702.9152475844553
 160.7513901558521 36.02208594856668 213.7945023686815
 158.6435112766377 34.01310952365649 1851.469083681789
 160.6878426340035 34.32850795297673 1851.374458119963
 159.8142246567894 35.85033023584972 1535.778243757088
 159.072249644422 34.42626363390668 1432.637673101353
 160.7884879522827 36.48079227478663 308.3563389415666
 160.8629699606743 35.27745952848517 2825.031470938692
 158.7639300140626 36.30379935549134 1520.860230130981
 161.2938143787319 35.55427873050213 73.94644650881008
 159.1230499375595 35.02477665330468 1007.010124640278
 159.3117994739571 34.80028026648099 136.3774392144371
 159.2829010273018 35.6196544923907 2623.607951745334
 160.675120373462 34.08918565005759 465.9557865797084
 160.8363463092985 34.2144372087614 541.6094300520898
 158.8309887928259 34.01567068833701 313.9461909272786
 158.7740372603483 33.99831256460035 310.1548254998635
 158.5656822633725 35.05665516066051 144.6140631364639
 161.1392116485428 35.20616616514477 492.7200754563711
 159.7286706751005 36.07152874660247 51.48067844002314
 159.803835461072 34.84468352065632 790.4992708438266
 158.8874540953333 35.75989198001992 625.7902885370933
 158.5319097401895 34.72847774523957 489.6021267164791
 158.9700087800293 34.31021943620353 492.5653033126205
 160.1011945222864 35.96427162232394 49.63313159931747
 161.1402467418639 36.47495637591351 1970.168273895889
 160.5283011076197 34.35161824086356 3854.428927973184
 160.7262485117943 34.2984137887528 2182.572920916599
 160.2240125022493 34.08445282088589 2.10159838617306
 160.1678860572887 34.41347741554845 2135.953582526956
 159.9312313064808 35.6057043461156 3180.750091908172
 161.2320681503922 35.20635006343694 4445.155948183724
 160.4028441858064 35.04279875985222 700.6700773554973
 159.6060990377799 34.91000138143617 147.1278274613827
 160.6267275096833 35.49524586409954 3015.790410504279
 158.5862445584474 34.92049706615268 436.4038868225077
 158.6344053163063 35.78767696456306 867.7318745937193
