# Created by Octave 3.8.1, Wed Mar 11 18:07:39 2015 JST <ohsawa@berenjena>
# name: obj_data
# type: matrix
# rows: 300
# columns: 3
 1712.929520240236 5816.551574204294 437.9261966540581
 -115.4673337922121 -4495.979949303918 475.7365740231494
 -935.1162876434676 -3456.75609072792 1334.317587701179
 -2673.040586987642 2659.549314077873 1414.118900941432
 3952.436376143993 -5066.441369581564 1625.24384834787
 -2366.589926553011 5067.253672488356 1587.292782964613
 -4216.363741423113 3500.622256322908 811.4047217681685
 3322.133968337338 -4767.003047702452 331.022076735362
 -346.8578603467657 4505.389930943296 229.228733089063
 -1510.434532297972 -2997.240452063819 257.6184669749097
 611.8943236883044 3165.859258837019 381.7961052303532
 -3789.191842390439 4733.362158696415 1986.025077467242
 1931.876338635863 -879.1219081435587 501.3052148861881
 4602.069329832531 -2079.85739975863 57.04540095406691
 1320.93654305521 -2109.556242537249 50.48995650116488
 2211.197799370288 3438.10179374792 279.7973639768138
 -1228.07864467078 -417.0816846047547 3966.727702191133
 2126.277647904171 -1936.422770810264 8.945158862698536
 -1754.895630128105 -4119.647646245082 1.798825894080678
 2783.158798091456 463.3096575931045 902.6862416145075
 1330.426286169035 3418.762249639177 312.7122384603233
 3571.353490645474 -2448.080062039416 852.3767657793816
 -552.5388818950396 1106.655057010886 1693.280511989369
 -848.3472259001004 -3381.812023649371 78.81005444022618
 586.7422854861142 -182.8375430534814 490.9010148575057
 3185.60671095001 5458.202950272653 641.6781796362912
 4737.192463520023 -463.2349069356779 3143.626887902991
 647.2589041901809 -3335.428201905185 746.1315137078279
 3657.69898609314 -2463.288945079954 1294.502254612948
 2271.230880249901 3027.637678464966 2326.997802920972
 -348.293756002824 2809.293918449364 1146.200851304374
 -2157.35559259205 -4919.179177750186 1438.55959108643
 4918.630367685862 -3470.122734383524 977.1877188825902
 1679.503862062036 4809.84209244526 1185.70326789883
 -1859.957917924836 760.5189950347693 2270.334746278084
 -906.5213450157966 1972.523545851181 99.88554606558357
 -3495.639770520724 -832.1584095619105 1388.115887033092
 1995.082995542008 -310.303241356879 99.03581881593529
 -1760.621941771673 -318.3575471035913 843.9136530572758
 2036.160950799166 524.749598659481 2110.701611863513
 4178.880194591118 -4309.172656528894 451.8910124703584
 286.955332629166 -4789.342620650652 1559.05565216039
 -2498.891033673747 -2441.970130930249 2039.529772678667
 4304.459716552761 -1652.935696742002 2165.906925593739
 2126.969171052603 4034.047321325669 931.3929879494671
 -1754.205689630541 -1663.374454079717 251.053917667895
 -224.5966899574757 3328.174545459992 20.97093249790258
 4502.76625134258 2539.044445104377 595.3414506375542
 3560.439078455041 1483.766713854695 1332.879313350761
 -3881.990029627818 -2412.276959443502 1452.29822592458
 -4052.044335885105 3617.638819320627 543.7705707993696
 -1954.454967347828 222.2716235915281 2837.19323409508
 3044.64346603752 4367.648252979325 842.7778954945745
 -3095.852943316029 -1872.93808177834 1975.731119856992
 33.88550458066931 -4822.017066687408 457.0052101048755
 -1644.272632105479 -2723.892235702187 908.7920033913978
 2435.957572643631 4176.991882388525 776.7266679879212
 4619.611713599082 -2834.14883456347 1071.204753626301
 3263.704243705703 4529.465125396521 706.7148188131588
 -2241.536694743217 -2584.272576144972 1322.523928024933
 4653.735090016677 256.2681527845624 189.6935110822401
 -710.2822328320009 590.7447271156386 45.00218257007557
 -4194.596676662653 -1038.255106380231 153.730346150973
 -4124.199493977784 3310.986596208499 1282.776999944089
 4256.559554981321 -890.9495463786423 1669.70066556474
 -3281.63641063057 -3064.586015076821 386.1784521730488
 2984.364465728384 -5114.669546912845 424.0093687524502
 4266.000576102456 1688.470948867669 999.9250239131634
 2435.989944615839 -4790.768156264816 925.9378911014905
 -3195.082984211193 1770.276117907253 40.03492897145939
 -880.8618726633586 4601.738813020938 132.0861382887725
 -688.2978126444197 5518.048164112598 1890.530287810205
 -1021.939546491076 3654.178470448137 120.5124721835114
 -3022.045451670421 3518.267244191652 2903.842185803218
 -3384.714240191689 4446.049776974816 3556.410299984934
 4094.817844633943 4041.598195178255 1817.386349573018
 -1523.9927885096 2150.66802672478 333.3377613420182
 -4283.478706801151 -3609.826766338643 587.4900162077151
 -1872.715784348891 -3416.503481278128 557.3286825418099
 4961.670107242129 2219.533472346836 213.1556256688771
 4530.549141165904 -2048.809612148867 109.3538469443051
 4393.119491520845 1012.537366007821 109.4298877066734
 4101.342419894836 -1903.769130460871 1848.332284532259
 2251.825603446166 3112.239806670327 1152.810859473017
 4410.846945341184 5258.200260852845 1715.60856525088
 4671.025876995972 2096.458555531101 2430.901318664681
 1016.608451864767 2631.629595374698 912.6538657200474
 1948.182087409912 -4687.556755771589 602.3658732806867
 3023.450173829815 -4404.273206173653 623.9701907457151
 3219.179964186595 -2123.689028347332 19.24460234880071
 -2257.674937326534 3146.054477188668 1357.649838964769
 -1730.15419318112 -1542.090831486597 1945.577865954562
 -3211.120671689411 -1184.93353468485 1876.915047423098
 2804.805904613137 -4444.474694203076 110.7878768704216
 -3928.117511161997 -835.0407672028681 57.28444260270707
 -499.2222019635071 2725.597955229729 714.8154385775117
 3985.160005224885 -2371.84452004275 2460.804673231095
 2086.281304544701 3147.35043006673 559.9324911938331
 1518.228442945223 1274.43725368039 561.929387841379
 4100.390152992392 -457.4368775963104 1361.068364915786
 -328.5140259137357 -3162.786991937044 1421.605136982531
 1944.425329240144 485.1589310351641 1027.319999262824
 4518.127003671954 -1122.720478392204 1534.245546146132
 2446.283760604359 -2693.375313809386 807.4360456133473
 -2658.478134381829 3190.2186594796 4254.706314775411
 -2600.970832625676 -1834.343752155045 384.6556000778101
 3773.12516314419 -4528.296768329985 155.3222222770574
 3050.736357509835 -4062.414845021014 158.2371335392833
 1047.358264325903 -3129.737673162344 307.333702662883
 -157.5558243220671 2478.066043622075 12.74691530762544
 -1528.276256841304 5673.75971680583 352.0577246255942
 -215.7285402366951 -5170.561022266314 1315.334120942535
 1258.64974733164 -4880.335251166922 375.2164255530199
 -3839.595134999704 3871.749135790098 1365.023298146507
 -122.2923488187177 3705.516234740311 380.1386925647639
 2602.172286911324 -2569.972654529946 576.4091190551715
 3425.590531470793 -5175.501471790329 1336.063507649509
 -3058.332829707377 -2123.995727846078 171.0376990707859
 -2254.337734039247 722.6560616573383 199.1844331442477
 627.5644908150812 3488.763453571315 156.0174683614075
 2518.268870047328 5242.436906315327 1865.619233016771
 613.1138252457721 -2559.802711795472 443.6748303129377
 -1610.348305769073 -4006.62224065516 2992.035180372019
 1581.913904497162 -4916.547758697772 1651.095705255731
 -2000.163802440352 -4167.987267287454 1270.381100467215
 1274.391731935194 -3883.400394405297 188.7544338864406
 1934.276408799627 -2150.179298160577 2020.034661006886
 3927.069290507458 -488.2669704307627 2099.867613564973
 -2720.288208894607 -2813.919948127405 217.5912920780953
 -2245.459833507624 3712.968426236849 78.02446796031224
 2379.960452640161 4401.946735769331 821.3848133196358
 -3931.625924959967 -3479.365415368899 308.7339637491169
 2198.74975393746 1333.193357872411 81.06037847982381
 3176.637369757942 -522.132647890819 205.2950863806378
 -1734.201789204139 9.670867592939588 785.9949718285935
 791.8289726073061 5278.216975501945 369.1588756739195
 154.4224762164823 -4664.775441212288 403.185825384605
 -3680.341125497311 6045.394054031901 2066.80289512844
 -4002.194083607241 5559.815983490326 1138.926866969603
 -4178.925276700478 -1737.306822472103 18.89466499669825
 244.9405630079637 4406.896732828834 277.6574552551514
