# Created by Octave 3.8.1, Wed Mar 11 18:07:39 2015 JST <ohsawa@berenjena>
# name: obj_data
# type: matrix
# rows: 300
# columns: 3
 3082.65643284696 3103.870510323909 4254.706314775411
 -4917.254330093519 1683.852264281607 1438.55959108643
 5643.142187175277 -1508.236433947576 136.8326217465757
 3010.244203251785 3483.471758658178 308.8393450394827
 3348.850423412061 4537.165154103661 543.7705707993696
 -2934.233987949097 1259.569492016356 257.6184669749097
 2829.480660900536 -4302.361669644518 2430.901318664681
 -1008.761234916566 3478.091449817695 1388.115887033092
 2866.515051808481 905.6882104541278 714.8154385775117
 -1687.966272270262 -4129.018534585301 2460.804673231095
 -4177.845911999819 1262.840695235403 128.8836967741277
 -1304.796655830508 -4634.23116939894 109.3538469443051
 2945.515862846243 -610.8807761366841 912.6538657200474
 3491.015953014223 1783.932964374359 1367.047023298697
 -1985.905408205142 4054.179544141989 18.89466499669825
 -1186.653212778668 -1356.775984072586 118.2526595424328
 -2606.964940368662 2033.170483774216 1322.523928024933
 5086.655075347335 -2627.687218860186 706.7148188131588
 -4254.57387242915 -3873.309568452644 1173.038926573704
 3084.25243261435 2700.715465578856 1357.649838964769
 -3669.148583336093 -1908.893815302411 511.0021532517358
 -937.5067851223471 -4364.429501111685 2165.906925593739
 -1997.707663077097 2962.86082010275 1975.731119856992
 876.7248262716373 -1947.224930680203 220.8751667420815
 -3688.559101569213 3610.204315996713 308.7339637491169
 1818.195476383478 -1739.763516346644 435.5678617518172
 -1282.376973718104 3741.419830720613 843.0700743656828
 2092.659709675795 -3477.472267497358 514.5618028585383
 1610.885181940498 3475.516884540185 40.03492897145939
 2327.745667269924 -3698.759681885642 1492.299093778982
 -1816.00603859322 -3814.241819464185 1294.502254612948
 999.0657635742102 -4494.446425957896 189.6935110822401
 2259.39764937693 3988.187917925885 1233.154989354259
 -599.7904497568456 1462.289778076728 815.0655632480199
 -3630.321417475552 -1295.561710730292 5852.413582961705
 -3325.44386782331 635.8325986171711 1334.317587701179
 5623.041920329132 -2413.557172627753 2526.546705623097
 6282.228936889364 735.8608529771717 1051.325468020101
 -3576.434150611206 2157.289788130741 803.1841971770585
 4487.196331966036 4402.701586305113 1986.025077467242
 -3344.006315938438 -4241.722202676618 430.0212383213793
 -1544.585492015959 506.4911227924864 453.862915568606
 -2532.521183615098 -2177.982981769429 1206.355295292939
 677.0750913318075 2421.882515001874 199.1844331442477
 2179.049110161491 1858.639132885551 333.3377613420182
 -3881.29352286299 -3192.049368555089 110.7878768704216
 2341.743263207457 4164.137692323545 2673.541932398844
 -3497.917653014483 -1607.954971681954 188.7544338864406
 2966.821954162027 765.372633036256 1146.200851304374
 3367.248633578192 3502.445994339933 2903.842185803218
 -3948.201959310371 1244.298894328995 2992.035180372019
 2694.464160383076 3301.405923428489 1123.091849993008
 2392.482309346522 3880.309672402378 2.916132998609564
 4687.135015784231 1498.374425301417 132.0861382887725
 -2127.12047737122 -2656.875068972292 817.6185174017725
 3213.875862096982 4686.78843018151 811.4047217681685
 533.8487664475371 1102.195447613838 39.08656170592344
 -2525.55214570279 -4689.232889152099 670.5518322096788
 -2964.424017396822 66.60954294463227 1421.605136982531
 5184.971431433205 -1021.905252951388 1185.70326789883
 2378.187681854315 -3946.329140246373 999.9250239131634
 468.8339679787877 -1473.312980471383 38.37070742966845
 4235.559221876138 -341.630045700118 1541.799519064056
 -769.111094293007 4286.888792466194 772.5947566068111
 3591.341323338146 2353.206487622915 1800.497300545399
 -2889.429508144588 2482.547564942593 217.5912920780953
 5549.557092690993 -86.81499090974637 369.1588756739195
 452.8825694839207 -639.3645383003308 617.9207633691186
 -3024.693351630071 -922.3985402922995 746.1315137078279
 -262.6434647061274 -596.3174024264057 900.4649470514812
 2984.883127855958 -4577.243973334694 213.1556256688771
 3250.00614979973 -4085.010413686857 595.3414506375542
 3579.531033206264 -1615.054022060518 559.9324911938331
 176.9123028197482 -3857.092764779977 2099.867613564973
 -1513.594212733229 1643.559045846712 1945.577865954562
 4900.961520681432 -2428.520083641019 842.7778954945745
 -1793.001939092646 -596.3686676610562 843.7478886481326
 -1395.844495135813 -4507.691358737496 417.7398556364279
 1839.306089829451 1017.378217877918 96.09444943190083
 5168.916186188799 4566.423032588997 62.58418369380471
 -4220.093433135406 -2368.532038486014 602.3658732806867
 3752.90713838622 -126.9614346925851 156.0174683614075
 1430.759747133554 -1586.786109507872 423.3436114909773
 -2182.215663107483 -2636.774723356361 807.4360456133473
 5398.756209518399 -2856.119206530518 817.6160510916852
 -720.6577650632477 1423.613749936169 1511.449784045851
 3882.911679358128 642.8977534772662 380.1386925647639
 3555.198797720822 -3117.658314703442 4184.947663020245
 -3802.113544676617 -2433.791957000007 713.37254897291
 1642.082793998718 2782.383549650746 414.0786450180344
 -338.7698244331389 1272.544846664022 3966.727702191133
 4232.544913130268 -132.6449693912512 110.8714794434495
 949.6260634905648 -4235.290010470292 1233.920389739302
 3793.961613340118 981.4335373503973 159.4514237944394
 1949.910514378893 1844.988704246266 852.7188310984587
 968.2429488633593 -1863.531984332757 2110.701611863513
 -4315.662226734871 -2795.286235753367 3224.520318497669
 -2676.884275333858 2412.858312915903 1483.503086445761
 -4401.607010976501 -583.9220290250486 403.185825384605
 1214.719573596773 -705.4539733059748 774.3438862792381
 -4256.755881622425 -926.1661532318759 631.6538097259624
 293.9365389691858 -4659.345564262454 3143.626887902991
 -2187.153298135435 -342.5624526527092 1264.270881089057
 -3416.331481783547 3818.081878482787 3753.73471255719
 -2698.946571697835 -2034.311831939793 175.206442550561
 -149.0684302696192 416.5908207985503 37.74101657917343
 2517.706316338498 -4459.164153617952 892.7880342738891
 6375.845320441917 -1913.947528974026 2194.006527852854
 -4264.591586113324 -296.619680792697 475.7365740231494
 5941.187633340587 -3684.433960844307 1715.60856525088
 -3590.646888036528 -4541.943710431904 451.8910124703584
 -3854.383763507092 -4163.597705135605 155.3222222770574
 3491.663831749383 1208.046966841674 52.97233648166289
 5659.941165361256 3884.089478984611 1559.73280871448
 3882.517014528884 -1706.016026576212 279.7973639768138
 227.2206757087455 -4025.937319743013 1361.068364915786
 -2408.013520411168 -4334.494567662286 597.2873995166921
 3036.596529141818 1701.463163151139 256.424820621894
 3571.538287114249 -2136.181684100339 174.7038762525352
 926.6022252326904 -506.278843079711 1467.769561296687
 1903.517864722144 -2917.381491555531 526.9913397422637
 -386.415153690481 -4516.615557623868 1534.245546146132
 -4537.015150225883 -3891.939774249893 1336.063507649509
 5942.01524708773 -654.8736676892431 1043.884497561782
 -3473.887785815604 -3392.894389989378 158.2371335392833
 -4077.019060690626 1374.893553558728 1.798825894080678
 5641.227157162558 -3029.863043468935 350.907783988327
 3496.578967620074 701.4104471877245 20.97093249790258
 5673.558960729086 273.3820356906278 1484.210481308379
 4696.385235402902 -3508.767695352322 1817.386349573018
 4172.152495660922 -2113.37266289785 4015.49730549214
 -4172.619199449708 -1833.645883543499 69.9565593214256
 -4510.201332822949 -729.9115059962709 1559.05565216039
 -4571.472055989099 -482.0947170512871 457.0052101048755
 -4792.903647923756 3147.593394754512 169.6821621273018
 -185.6638919344599 -4230.585831770423 1669.70066556474
 4856.386607650918 -1572.300268030807 302.1965840248178
 -301.144756084321 1812.964859467794 843.9136530572758
 -1466.62404162196 -2232.778474379252 8.945158862698536
 -3763.253715580886 2388.32245218935 43.58982099629849
 1789.878177963263 -1932.986717161441 81.06037847982381
