# Created by Octave 3.8.1, Wed Mar 11 18:07:39 2015 JST <ohsawa@berenjena>
# name: obj_data
# type: matrix
# rows: 300
# columns: 3
 -377.1850494184414 -4986.942084970835 1465.502643399427
 2486.738549300844 1170.252995878639 1645.978464071282
 706.5322071432869 1804.008871202793 98.89427972883527
 1233.345445538865 5009.423608235762 4320.861902158906
 5613.220433110015 -825.4966577147743 1863.308423020512
 5830.908201827575 -121.0930806702863 2591.159383555457
 839.5983453824414 55.1971408318928 2875.695900151744
 522.4784672605354 -2747.240413429504 816.3614477853286
 2889.785357420507 3737.220295739771 433.8135861929738
 5260.741074086289 1518.573039151053 4200.56783201603
 5335.040762046944 -1374.889254330095 870.1108299673816
 6004.117373556759 4258.213091011283 2517.774788023136
 -1737.602463834528 -1070.563557879661 2070.152613188915
 -2723.203145161707 1819.275448862633 2093.697198383096
 3246.783415420814 4411.32065454291 3759.79883202028
 1521.93687679322 1603.961580021637 325.1872195132302
 1567.624481867829 2902.072081270793 136.3036484848619
 6298.259314642122 2695.199151510642 1897.586578499029
 -4798.370765761176 1473.86802911362 767.0043816865607
 -1261.335359997816 -3768.891257749716 850.6356501031114
 2742.926432421215 669.4043241083134 771.2160671040066
 2393.151022689864 3129.67297615273 761.8511736417697
 1928.345717801309 3942.285241297153 621.414984000922
 1475.331111058453 -1120.257851010911 759.9361918806908
 1636.510425311228 6402.900386854393 3917.933526997509
 -701.7091731513096 1472.350965476725 834.8393755831052
 -2445.174339073498 1036.466712875539 628.9734915510275
 3985.981031940224 1119.776620007037 1168.604603813034
 -2720.108589683262 994.4397344636674 2170.70023062234
 804.9461746661773 4931.345570762051 1618.815741443393
 -1171.605347305725 139.7822189939677 598.5586403428565
 -1132.286831256674 -1036.984246827633 1851.545116368233
 4108.987504622808 3131.038517586361 465.9305320075315
 -5426.419470485091 427.9602638010606 1127.323840426217
 6183.258609428751 -706.6366333145534 1800.794114950734
 1673.815793147138 -5069.15455375718 1105.683064775635
 2450.806760924928 2711.471886360317 26.60407724247117
 2594.800478473072 -1771.319077519532 234.7794185717603
 2012.947354370885 7619.608237419927 1317.845868625588
 213.7805112607311 5208.887875728673 203.791219324934
 6915.96358195147 2362.874105878249 657.1458680285182
 840.4927191227139 4652.405882640394 1671.945032355118
 -403.9761405781782 -888.3708577574181 895.8833605818022
 1212.330557790426 -5539.289997190379 1073.198485450669
 5809.021585668104 -1161.004156609183 535.4032808116687
 3138.641270260168 -2289.130451338357 2171.620670085283
 -2255.302543217761 -846.890349982373 95.44649291554421
 1414.566572504964 -1211.192901918507 1351.759976658649
 -857.609103975858 -228.8792764986448 165.1176366567859
 2046.328827190337 3865.550164217543 271.3102237110049
 -312.6030089672263 -4348.720857429317 695.1572857982518
 1932.228220782236 3491.04257518279 3243.562167644684
 6154.818487070363 3673.580103584958 454.2477860101562
 2558.49406855572 -1300.378265844304 1426.131359627693
 -2331.869199420178 182.8075016050554 1069.419455754744
 4576.574970194677 1412.372669892693 1304.207896094996
 -960.3306696931154 891.8338773592866 709.4950856258481
 576.6643891564818 6310.87641329406 663.298128408998
 368.754593417529 1145.522077959265 49.74708567020167
 -1229.034800724677 -981.0807997757156 561.6015609226656
 -421.661373953223 2140.535920650716 1193.847330602487
 4121.419357209396 3756.820128521516 497.6176595314029
 -871.4664675362444 -925.182693326152 1346.020309513597
 1571.626681391646 -2600.779173552965 1717.350573698717
 -676.8943538207523 1932.240420369986 932.0614904866811
 5405.380416095637 3000.583105982743 1187.2706299516
 2559.483111459938 -3367.694652335836 2312.830574790515
 1777.895573534972 -2452.081319501188 1297.857055729681
 4943.975657046923 -1026.375482726234 1323.192612788994
 282.077771290976 3880.701426882027 455.2034858967058
 -214.5264195399303 383.921102651699 1121.505882658442
 418.2561364511504 1872.645216006236 405.198347417751
 2054.979132539734 847.0002686557399 839.6537683173123
 -3711.06759129712 1128.186114573447 587.3352996400135
 -4270.985465304575 -966.9908165334164 1577.571384572057
 -2352.619076745142 1489.152310426405 726.2929511285295
 1371.413607678361 -4234.891149491345 625.4077003509261
 6427.294082661269 3413.889938945454 1369.975258965846
 607.6395315168106 -988.4902434585132 1191.985857599959
 -4460.666652655467 1309.928085512629 691.1482532078777
 -1538.577227635951 1062.987876204316 2075.319948790705
 -3779.809861126025 292.5131361987421 170.6278033187041
 5155.395074258963 2140.898798265403 1066.649447645009
 2457.551398749931 -3878.357247524594 280.3622562646056
 8221.724697370351 1959.118228698219 1032.360679748392
 2357.982571237751 4206.739109771599 1378.080677693067
 42.64189905247258 5213.94003988886 1364.926188500671
 2238.168457512593 -3395.189492897374 1981.54263814138
 -874.4495208443552 139.5654169515313 589.8926238921933
 -4087.061078616777 -1136.24892672197 1031.573979365204
 3943.140728690141 -495.4897401238397 879.1961097800997
 5721.904601846667 -608.7048370761559 888.3838307256025
 5213.204458851761 5063.767313921183 1489.889067618348
 2468.433792977915 -184.8115713631153 1042.441159769497
 1100.39571861457 17.48444393854589 88.99665045483943
 1268.944833641701 3471.303082528386 353.9783855740281
 2700.811292033175 4150.114867059569 259.9504231476999
 5477.417188089416 2363.620127578881 381.2113267662735
 3723.803139811205 2845.071466692325 261.4623099435937
 -3620.319761508386 -560.1179139532942 1397.885139178952
 1478.751957204172 4689.650669267421 1641.411804303924
 1590.015545014905 -4343.423811444966 395.8049845533243
 378.7932298862193 6348.260016124952 921.9355302577235
 -2625.789088278502 2872.128067286701 870.739250259708
 933.091660366728 258.4898657399216 593.998796068514
 6300.059596857798 1663.566396075782 1867.712707355047
 -2644.617501413994 710.5884345586944 1378.878965551183
 -1101.43172238535 -3069.292703068689 702.2077286304378
 3281.029265238324 -2392.939913116592 1432.058621974134
 3782.769064472055 4252.247216968206 326.1628708150873
 -2487.028998410631 -2458.853806915422 571.4149951274105
 -147.1209854961076 -5477.280342851042 1740.729012155385
 3374.690651979085 1970.762906555088 1243.103757205966
 -3108.054340037672 -2542.018063588393 1411.381355213273
 -3374.852923450138 2694.772978836807 224.5913451546978
 -492.7397200732505 -4218.833562271813 281.7929558073576
 -2930.132625168315 970.1856045714862 1553.739085818931
 -1642.895942203042 996.319631395751 346.4103686232277
 -5020.098390589225 1080.978010679863 830.036896695886
 -3424.014593907506 2552.426582485979 3073.547059568658
 -852.3306957551215 -4812.319613317219 547.8047411420945
 4783.820463450577 1667.138644298311 726.6870378747153
 6596.954070557181 2158.868843296281 2689.066984992401
 -34.0283846868042 -2594.7699785698 1314.599055641879
 164.1906629351798 -1531.328949960354 166.4828253845505
 2760.773474260868 276.8188147633994 484.3917191494465
 1527.334073334896 -3462.489225018355 1421.868778995761
 1492.878295415911 -4588.308234818502 1010.13446373809
 -2877.906436522 1618.415636639783 288.9199101305641
 5009.312645337901 4327.028454653421 1949.442110498789
 -3491.181279119076 221.9185626197095 1047.53084982566
 -3656.283950262622 2013.094998968593 1987.197576042681
 5129.022752802383 3965.481481922501 961.1770709776478
 3498.854406480762 -589.5383125564133 1319.311003855415
 924.1934201022314 5754.350818378769 2163.858149052895
 2811.034827007888 7191.703848130718 1690.874468030249
 179.5627220060414 5350.146753578114 1651.690441832097
 -3233.782511609703 -729.562982015221 3142.176519186165
 -2683.762632261904 -2480.836801874927 472.5029839739655
 -2248.608357574401 2828.208023910759 1460.125288391297
 1094.737533362083 3321.646506617296 1142.391312747978
 -3141.700024789273 896.8829788019316 301.9650035710444
