# Created by Octave 3.8.1, Wed Mar 11 18:07:39 2015 JST <ohsawa@berenjena>
# name: obj_data
# type: matrix
# rows: 300
# columns: 3
 -367.0707236677638 3753.011551905593 175.9845073673292
 4202.240991527712 -359.9915195765199 1657.727141086675
 -113.8853419292101 -5073.103716177361 1431.60162580782
 4632.380983841857 -1951.242002271771 355.4923221406308
 -1319.748018005427 -682.0439657977713 1652.390685946147
 2884.911401071386 560.5694776027232 1008.967548503469
 2574.342577376871 -2543.383482733037 873.2084736973814
 -3862.021964587973 -4689.622486385951 1078.488326517903
 663.4284065045098 -218.3363224104647 935.8512279410002
 3125.206602331227 -4306.907878013332 662.4230969648028
 2703.839685173527 -2472.636757181611 716.5247814367874
 233.4381886622814 -2650.983439632085 642.5962754921204
 -1852.677986834447 319.5976542494452 2921.954770274966
 -226.6881612473456 -3065.56395993413 1697.011580471042
 4060.277162351959 -1955.735820577535 3987.766415148987
 2046.239837620558 582.6491303895094 1210.671519467058
 1915.767141123312 1113.101231832746 457.0734789208476
 154.8313365771082 -2243.737017452427 2459.495300980113
 4406.094471588634 -1555.65483904769 2302.514672076636
 -2243.794127237108 1319.929078741397 1710.325422884777
 2481.782398720546 4499.382483056822 1017.554035323024
 -1542.50685137426 -2626.348331077729 996.6486901350216
 -2401.0332418298 1819.879410885039 546.9628274724879
 -3093.21830008131 1867.701540348751 75.49021214973112
 2052.457872971441 -2891.699028059695 1415.325835843524
 4893.112896798141 1866.374571170552 1125.534839507476
 -224.8152468654692 -1847.727529982169 736.8981105224566
 -221.3884818896524 -959.4712050606811 1165.004662626283
 -173.7341867986764 -754.5310226263935 1118.046675334686
 -6.969892689526546 -4495.446793949988 4185.534861768647
 159.8542933449111 6197.214948351845 1410.905055050946
 1149.28651068927 -3032.481429097089 575.5208419419441
 -122.6798167243462 3425.715884957374 134.010257599954
 -2571.138901301173 2757.014394371975 1773.628343632672
 -13.65921685805267 -4398.601785568267 612.1411946705235
 2228.607050636753 4131.546734847893 976.8011627812815
 168.2594819091163 -2605.540928155221 2005.458279709045
 2263.181295091943 -2608.79016423473 1160.78593426127
 4755.479083917876 353.5722374885432 274.8552874378003
 2162.240079143268 -4182.145021614764 987.4392354126803
 1693.647783409084 170.317934067849 481.6269984498048
 -2155.903277097332 3243.408210344669 1467.996878330778
 3838.289100685008 -2647.139135932556 812.0588770736058
 -2624.178247392152 -3595.206298207595 201.3404260383969
 3213.887227932654 5184.177803297342 2637.912456299518
 2190.82993692937 5930.502961163382 1462.152218696568
 -730.9758739296053 4326.360927766662 3600.151515852968
 2300.558193896707 1430.523275501479 272.7662439718674
 2036.070416305987 -2052.698491301124 2096.167933601846
 3673.081746789862 -2350.541454744765 928.3532772174956
 -625.0495106151618 1815.121673420715 305.7304648096296
 -586.5016926908484 5615.482896282907 1991.883434719439
 -1287.951898843991 4165.24670557082 349.184422390424
 -1752.986364151913 3707.692168842059 1816.080273340717
 4203.322728526413 -1806.38406336354 2052.18331515864
 1569.933975916452 -2325.317493306938 919.2590795057683
 4616.404150073553 138.008506566354 3420.603174217616
 -2236.971095199878 -2116.850235644891 573.5766026038154
 5020.425707525445 -3372.553162578446 1913.97341605166
 -55.65489291105621 2575.390252456418 193.1075025003939
 1015.585212685883 998.6801385034441 906.8814890560292
 -1344.42915424725 -557.5627038507655 845.0260422407458
 -2956.481079544995 -2026.658822012217 341.7024768266584
 4994.798994132841 2901.79619370083 1850.650058324484
 916.4384607765179 1145.604137999611 583.2966422186623
 4438.622014830222 -2930.584903002684 449.2509700973153
 3874.882200820959 -4430.775400118434 432.1465168489747
 1360.471223960315 -4782.916410210884 583.0182234448008
 1890.794086961975 -3040.707851237871 525.285710998456
 -4092.858241912858 -940.7018971905945 415.2454209405553
 1655.866214068297 -3990.355426300236 719.6439890745087
 -397.2782454754223 2822.967475170668 730.1847799738449
 2096.936472175155 -212.8098086370284 380.2022128623669
 745.5529893331623 -426.5798364806807 2485.759463409298
 -3073.523369001659 4803.811357973967 510.1270586188053
 2138.12440011014 622.1151655431131 2966.780386635165
 612.6948941123514 -4462.403720460222 1159.693094888435
 -2499.376597560691 -1736.915617937128 470.9827712260938
 -1198.813441536147 3543.284456000001 1888.129127572345
 -3826.431980927443 -737.7858756494475 107.3984216914022
 -3772.458754761124 5526.703215091361 118.9514951632252
 4328.413934239856 3052.586149535021 2385.664439299123
 256.199366643872 -4567.398144713228 410.4154288465006
 4086.874388091242 -2274.477698522202 2475.82827691533
 -1780.24881162471 4949.622639323151 1418.664327023536
 2966.067501215293 1137.755116585846 4492.767026995636
 147.9287146935804 -3775.544260049034 1930.884159392059
 2228.102952962926 -1838.946412677394 306.0744320623399
 1424.945021478443 -1395.675658281108 566.6323464738404
 -4051.827795615712 -3944.226267983674 886.0084483746411
 -246.4667139826352 2906.668239173602 1197.07689671623
 4358.612293176706 -793.4689650030948 1878.595447114091
 1337.918141991064 -1316.433950450441 1421.255276724258
 -4022.347827696839 3408.474521957475 1416.139878821676
 -2373.40053556942 -3435.869607610503 937.2652840685646
 749.0516742704192 -3237.904189540203 879.6313110680784
 1502.881927210411 5701.06513592084 1120.839373101777
 997.6260120774468 4041.29702171905 2203.668626782458
 4889.776516527623 1826.922602028206 209.0691981927559
 2750.666639858546 3776.833655876353 4405.391210175902
 1422.720912536526 -2012.250826009095 247.9005006536715
 1683.59617350574 -4819.010408915609 1869.929493828165
 -20.61608978471486 3802.889180840481 456.940284774842
 4020.94319041571 991.2434694383873 505.6334839457136
 -4169.960958427414 -404.5950722339043 870.2641674721817
 789.6536953827176 4062.066317943659 177.7965253023978
 4512.697735555772 5355.746363421184 1844.925326099436
 2548.107638290125 -2595.835664349324 846.0285154727416
 4685.927241753109 2407.895894330342 2368.453865789779
 4615.089108199419 -554.5814694250323 183.5942020156359
 -3789.271590159608 2498.751664748411 582.7280609996997
 -920.5197220877883 3751.71970574686 267.5953444215971
 -3308.190662516236 3580.471460740279 2212.967356874068
 2049.874236286624 -4589.992985296809 868.564550239832
 -1425.667807289253 3706.745568593841 2199.238118072189
 4010.535866125434 -3932.592041110736 786.3894517914182
 1389.618367882824 -1461.179780204739 120.6206936930282
 3995.248071730608 602.3783272472838 1019.169853331389
 3678.283411110346 3049.682597624401 4441.119996954174
 -2920.253624162486 3615.734998863654 3036.43401480606
 -1658.870165145523 -220.9782215539038 1573.070135540684
 -4181.746066580749 -3512.355389955456 1170.700273424378
 729.4665865781565 3586.185860830908 318.2679446553572
 -2556.624855961926 3287.666018140703 4432.174674874112
 2033.646561935183 -781.7015025555354 535.5751591399488
 -245.1246002839376 4602.916234407962 556.5466040180665
 3146.644078497574 4465.079512995227 1096.918177161993
 4482.85634466145 6218.280382051887 968.6518237618636
 4116.039817872173 1764.112951617735 1655.938517191624
 -1305.463419787793 3050.398478461987 447.7988896708333
 1814.51414978094 178.3544507042798 457.9701146163171
 -2797.021025088899 2924.453736272171 1481.034990628866
 3051.903585047498 1045.839978889278 1022.99221204911
 60.90557313440064 -2636.758429855691 497.71749197422
 268.2146516090706 -2339.862438074742 1308.726941610673
 2111.808288900475 1480.628645341927 485.442869508396
 -3686.39437344157 -976.5580160466566 1243.349106892611
 5063.550306675855 2317.094114077374 328.9905775680052
 346.847318449201 4504.163525053083 522.3578389778442
 -2397.056948492117 -2344.696215743703 2180.169065147453
 -4008.296421954809 -1773.968792819187 3064.062101242371
