# Created by Octave 3.8.1, Tue Mar 10 23:21:24 2015 JST <ohsawa@berenjena>
# name: obj_data
# type: matrix
# rows: 300
# columns: 3
 4316.10830127646 -4597.308626367612 727.7832502564122
 -2096.325623356428 1525.250726593182 661.5968698736779
 -1677.641864936978 3982.398066509575 213.7945023686815
 3696.070943048757 -277.2770076213816 1064.904204471911
 -1127.93871037386 -2396.330499313331 3854.428927973184
 -2992.913472235862 857.1615507475008 492.7200754563711
 527.1623170710665 3692.833639678918 600.4495561789693
 -1775.50729718124 -2596.628087984515 2182.572920916599
 -1721.344189071891 2081.774620766177 76.46553725866058
 1432.997468262918 4035.348621734347 51.48067844002314
 -3384.958649842292 -4903.081702302267 698.8801507575851
 3233.231923947438 -5120.503796556296 3139.403027130035
 -194.5809577077482 -1715.759178146358 93.39801818274822
 -3416.51247345631 3012.546575006652 154.2753540447238
 4548.739498983722 -1308.045051201963 756.7146261161282
 -757.968157699799 -4773.603638673771 1843.263956784086
 1501.525029750249 1367.396292778584 2223.941963437469
 4842.259112933164 -3650.78571004734 1851.469083681789
 769.2423590217262 -393.5904194154509 825.316596173826
 4160.008766531729 2358.637132785277 624.6742822226911
 1682.353535420855 5618.851145172181 94.06666454770557
 4198.51087183715 -3700.499906802898 313.9461909272786
 -896.9084470555673 2015.504172077882 1144.693442695284
 4895.564917295808 -3397.032373480072 1205.273800192768
 -3931.513313069442 -2212.513287796507 1548.286279529683
 954.1458150385096 -4052.003425060212 939.5091320592603
 -1857.409754506761 -3814.021950369733 497.7427901855127
 -1446.965923102662 -1576.222138748582 3731.120165195378
 3663.203375850473 -53.73648196204073 621.5374827611956
 3434.769694630969 -4077.186186127245 758.4561611594196
 321.6234195463986 1698.433200142937 726.235719818274
 -3018.417879082145 -415.7976016867634 314.8867275638686
 375.707123262624 386.5026595347701 427.6271983358307
 1378.69681697958 -838.8527913208339 622.4797978014251
 2517.340321755218 -859.8752905988781 416.5427521185758
 1414.72484666732 1868.420276693916 819.8979366704245
 4346.118045412236 5057.009631108007 1520.860230130981
 -904.518559453409 -4432.303598639461 248.2555418874945
 408.2738924963513 2806.700867296996 2309.299718977512
 -1067.753897910253 3903.465061417062 468.5079020787794
 -3814.039428741096 3723.283820994261 53.93655927014832
 3979.039242409663 -2807.928566134761 541.5037180736223
 2105.144562254352 3285.048592403984 239.387870962065
 2614.876139578515 1.297959239207884 1163.960789170422
 1258.765622476805 2369.80116673693 85.41335391286638
 -2477.230000880925 -3074.136018871155 109.0403629105385
 -2098.045917261983 2756.818509218095 999.6665482177694
 -587.8397791039844 1791.176613459441 449.8261636988209
 2758.694755206868 2385.506806868726 2623.607951745334
 -1038.476528413055 -4741.515793065453 54.54752086202796
 -4110.031940812626 -992.8220266646352 1081.878336208559
 -3773.220816352055 -914.2102937915806 2113.154366641465
 4331.683208848243 471.1019808020393 1130.699156694154
 762.1812834889218 -5188.790215908508 322.7220583787771
 -3587.393453506703 -2268.839755057043 440.3761409464457
 -3486.04522485853 -495.2865407594512 1616.79817154916
 1668.479113460451 -3212.654934401495 350.3715830983451
 -2385.498694881717 -4709.01013406425 466.1822309271104
 -1061.367187595072 -1149.784062793871 57.37207852623991
 1495.698668910937 5071.759498752302 466.9026617421177
 186.6190925404498 -4338.559977556778 347.3548871533484
 900.0593227187758 -3134.796419940722 422.4389444997366
 -212.4146865275759 -3226.774073897948 360.3644092761932
 -4169.476569835014 -5073.199035007308 201.1773840663132
 454.4548383106215 -5233.640485974503 34.60862106842072
 -1166.98563218197 5054.908874632149 5430.174194802624
 -180.1120672850289 -3455.259909020994 2.10159838617306
 -1478.704652614027 1926.375542687365 3015.790410504279
 -3382.879419488178 880.9300464588978 4445.155948183724
 1143.96230776317 4144.561806807242 1559.229634383352
 4373.699549751251 -4920.201822426901 220.9050458527616
 141.1350787097384 215.5454823064452 132.5301574596401
 3934.782159512769 2863.729289856301 625.7902885370933
 869.0888640365895 -2948.409434379394 863.5534890131534
 5035.770284897952 289.5949906924636 144.6140631364639
 830.6724347996865 -2862.920872332164 924.214819525848
 1715.675265305789 -3439.064816437833 744.564968816513
 -3989.114342526917 -3783.1349245988 0.3884924245405038
 2410.763346073998 3032.971995222154 76.4924863329246
 268.8550974085975 3701.980122033543 49.63313159931747
 -749.2271446836227 -751.298923197503 656.1000202130153
 -1516.712712198979 4649.982292511076 704.9980786761395
 -4026.54649780016 2255.800654544438 2449.025486365748
 4151.351515001676 5044.603151396015 65.23818021385777
 -731.4902769231429 -4766.279482915657 1396.577813752701
 -3922.349177341784 -685.2503965663132 468.3185531543852
 -1866.643145142936 -2884.58699298595 201.5553377064734
 -1508.31667308923 -2238.992947655268 758.4842649335422
 1262.352759127761 -2805.259602447189 2317.827619442814
 -828.543605892124 609.9983142919311 108.2571149289758
 1756.979006736809 3228.137132680344 14.09599054548026
 -451.1607274448136 -3261.872660554565 852.5254532203916
 -1545.204688697496 -3527.748344839864 465.9557865797084
 1841.635506273706 -330.028533716547 147.1278274613827
 4373.02600712952 2349.606188902912 247.6562328534418
 -3767.105348347016 -140.5631460868297 1290.193094390942
 3478.539696939211 -1459.006559299044 24.5697819176515
 -2903.258840397011 5663.063951134476 1970.168273895889
 247.7729539629537 -2610.119587372845 2027.444205429881
 -585.5871587734263 2521.644865969255 71.2069687728882
 5008.028022120759 -4952.368638001697 89.15400919949656
 1983.498909561254 -3080.307733957311 529.2393137881413
 744.6812373014019 2287.900299440142 3180.750091908172
 3682.948760989333 -3111.873147018486 1292.407711393606
 -1936.601805319597 -964.8212557842573 347.3469213531758
 -161.857977933452 -3759.650919072116 925.5849610758426
 4847.257058841942 3052.604982641486 867.7318745937193
 3142.047848728139 -4996.879348195961 1900.67123567538
 3116.710178983568 -2838.24714774334 616.5209487516746
 -2958.47665601362 -269.9416345447608 2438.58919103337
 -2080.082343312509 1090.153129802567 2825.031470938692
 -1681.639344044002 -2550.312115456368 1851.374458119963
 881.6810421578477 4585.321081525201 459.0168582265059
 1191.201364674979 4985.250490072082 2449.298880303196
 1229.166985229689 4381.110791867151 824.9310056202188
 3610.242931778766 5623.92657874939 290.1176837790232
 -917.5909420250409 -4073.130237783661 438.76866611355
 -1298.5513273207 3454.275717681013 2416.178658856173
 247.8078716687362 3687.26090729542 1352.40004229713
 -2644.890239284072 184.6148258541892 1345.276921658927
 -3166.389849080165 4373.427406010813 813.479225227089
 -2442.775200759881 5501.012995677512 828.9360748725746
 3520.131424952897 1017.341840394324 774.4202974685358
 4977.968385205046 3261.039250157668 235.5403555650325
 3079.393830793917 -1345.359436831615 1610.172828439408
 -3110.024459232863 1035.560690461856 2907.490895156756
 3153.353641581056 -3851.692336610838 687.63815166402
 -1655.424006150402 5094.730201079904 1287.089607196314
 -2976.17610427697 -1157.942396175344 800.0540851795793
 1023.255415180826 1422.492971511391 66.81532818591856
 3203.756072092908 3484.748713394363 126.5042153940091
 -2256.184754392983 851.5170526857065 37.96133336375048
 -617.2668818326256 155.6279769586264 700.6700773554973
 -234.4903291625094 2932.20380600551 572.3396411533186
 2318.027862274218 -3614.165344663506 3675.90523462661
 2346.973232977396 -1339.488824219494 889.9769861024375
 4942.052602965437 -318.8932691944896 436.4038868225077
 3470.266427040598 4748.58258327803 92.82797921919882
 4061.565524685294 884.2276036691915 2333.337162276006
 288.4751023769091 3123.02845478647 357.133141991498
 -450.7400064165591 -4434.635955251794 71.99676315453148
