# Created by Octave 3.8.1, Tue Mar 10 23:21:24 2015 JST <ohsawa@berenjena>
# name: obj_data
# type: matrix
# rows: 300
# columns: 3
 -776.3274886614495 -6759.505347607041 1471.968760265989
 966.4585432827685 4652.592389359252 3103.574361669811
 -909.6837840105011 1095.785551969323 889.826285477176
 -177.1782755204326 2727.879048516683 3690.289572729923
 -859.0222671266533 -3968.599850774266 2609.285200733933
 3597.227267135624 199.4158204677481 322.774469806255
 -318.0856687730188 577.7747283499205 1343.435104936161
 45.90239712686025 -4105.994621754891 824.4772480836128
 -80.82196328911914 -5653.359441574233 2074.808766984997
 1453.246118737734 -4440.426293302115 1078.514477862663
 -1810.877491385753 1693.096166131026 1895.175997802617
 4658.542146106347 -759.5400406919052 528.705437891781
 -3460.449823778761 4.903062169518535 2275.628273821463
 4294.888425449126 1763.024405911301 6149.341411625467
 5173.938785385204 -237.1965503424576 593.0818246221922
 -1440.428195437567 5197.388948492264 696.9921485591618
 4296.622759349234 3242.395789187981 1407.869821616419
 5934.040708904203 845.2157392486142 134.3787111590544
 3180.732306046262 4093.366188653014 1500.752251174399
 -585.5747209284957 4832.703252035253 770.4234769361537
 1801.898602182349 782.6150138198641 1739.613715752123
 1611.871698166452 -133.5481010457394 1778.319575113691
 630.3879137145018 -4043.717962958257 537.6136194371953
 -397.3485322920956 -1182.086168698619 4555.924524539434
 4143.497129620318 -1149.687829615922 260.561658092939
 5166.459157331296 -905.170638078429 257.7120909334634
 2232.126382964629 2736.051704062745 1599.00311431328
 3219.272771899193 2372.43912937446 1730.910572491106
 -1299.932023182843 -4435.753502364429 692.4486169091246
 -3017.175924463028 -4078.056671254744 1594.10908277397
 4514.888768337032 843.3586524024179 2160.492558046606
 -3759.127763595583 2694.041543571352 2203.871509357504
 4258.732219156776 -527.1969761401629 836.125645892592
 -271.4312783732026 -785.7703332110702 870.1432584410452
 -3641.666539082248 -61.24336096700176 1146.035054343821
 -3638.215302878251 2213.606399652402 674.1002554343737
 -3739.732722616494 -2535.609854697399 643.1344714828917
 -1363.848560512374 3513.359249099291 587.1093492158678
 -2567.858171984359 2795.10862477526 2298.933162833252
 -2181.996715519236 -5127.404081182152 2095.389336785473
 2431.261386584753 3904.204873661946 2248.276795047171
 2072.631586114758 2531.887152691571 751.4825045478758
 1641.562167324265 1492.695433502365 3310.836248320772
 350.1099909913983 -993.4629012296373 257.178646876777
 665.4491178820965 -2958.359916801502 45.08719204451982
 -287.5622392935973 -1179.489181071269 662.7561201802607
 761.1479646037752 -213.9276769316386 2091.5447887564
 -703.2374716510037 4171.52718929673 132.9381822277241
 -2853.268134041446 2534.309478414213 2623.395369019157
 1141.59787522689 4471.28974100889 358.9162496403188
 -1819.207817923934 -2438.241669826331 2325.769535916684
 -2034.631609445052 3498.071879999049 3075.685557344006
 -4641.097407099997 118.3252734965308 128.1342545828029
 2963.705186380098 1373.203749165699 310.3528779811306
 -3229.982045597061 20.39758022374463 1085.578822862464
 -2009.909016377591 -2474.912668236581 360.3710747227733
 1785.565498211429 2013.737197179586 2435.871115226163
 -1692.309452978121 -2788.112016432457 923.8977229435953
 733.5466498883764 -4491.92538621695 909.2769905298752
 -1377.327005056391 4465.563086521455 206.5460216761168
 6279.789338232687 303.7762757950318 1588.674791410143
 3395.114022274469 -1076.066645488595 436.5055364524152
 -3349.123791857311 3088.088965016209 1374.704529692543
 262.0670183776824 -3533.161017738511 1493.78139106042
 -3222.848402350113 1685.32973919755 795.4019066448678
 4910.173545376367 -996.5007083181229 977.1099999419502
 -2201.509824202344 -2293.045142611596 1513.891131927551
 938.6840630673084 2893.551291925806 279.6142284431348
 1875.725307158286 -2304.670314518516 931.5183265950614
 -4691.429847653279 -2224.719326179635 2199.616230128567
 1207.504714134433 -1520.060390704872 1791.37083785302
 -1993.855010523642 -537.602788365734 257.534123995841
 -4239.468722401309 -1495.058200474568 949.3465785127139
 937.0085949464753 4735.382549842709 678.5621520030281
 -5133.821588408146 164.8421418015287 4778.03282320759
 3422.506684850179 2225.754710595406 838.7353631652087
 562.9589443775055 3966.613996761365 1284.045578437593
 -3275.90133938609 50.26556760321591 143.66091094223
 -823.1648525655828 3053.567692297448 840.282487883026
 1333.769306080557 -3314.684115793827 1117.809771994106
 -1549.238422674497 1505.329070133688 762.8573483642708
 2531.774458210135 -3148.976496178525 3380.852824729101
 1586.670836846532 -1009.612136440169 850.4440445601375
 -4087.421750631153 2813.214641670973 1739.477160125234
 -3802.989848930131 963.8980115073743 1173.352220447311
 945.7061934669611 2723.273574655953 1010.957278310802
 -622.9383737417293 -3063.827978837354 422.90041694767
 -2008.796670567353 1835.256158847565 1684.240406436306
 4263.728873417667 1358.48485845377 2574.471040937252
 4020.167692134783 -647.8078333373189 1930.662998578111
 1025.357642833155 4343.837938581011 2019.772661968081
 54.83703841642318 3938.193342081692 1138.327917584616
 2446.955027195524 -1486.500831805579 789.7208236784273
 1877.176757808731 5944.003800261447 955.1622586503914
 -205.0305836945919 493.5077406755591 172.3107442353559
 -4990.553254057637 -1780.861121229829 320.091524009138
 3296.523169488809 1210.527549949064 1588.957153334436
 5164.665719543169 1499.757331230048 622.4248038362421
 1517.813194725744 5367.002294124518 1314.888305612773
 -4088.363724025328 -2196.498516102107 123.7238627569172
 4589.410383615616 3083.746633876607 544.9361226942968
 -4780.38170699173 1614.432770110236 916.9585228662974
 -4904.461275283465 -1240.413207532192 2286.493565831157
 1931.281581482642 1093.544301135796 447.4444699878584
 350.4485296970403 2146.487176134057 543.172551724246
 471.8092979424185 -1824.42818482432 489.6668451670034
 -4851.815866060777 1824.656228567852 1721.649928003821
 -3361.432906805701 1828.337756571357 1010.583107845982
 -3379.599680904509 2688.575497005499 1698.058575885026
 -1981.65759446274 -3859.247238105531 422.4520126308646
 1786.989732698445 -1800.449299769972 1169.752740294383
 -1298.49435177453 -6015.448677188506 615.8057683049076
 -1713.330440227963 4888.709920083638 2720.90544900163
 -1857.134638599506 -4054.677628751803 207.7359824225314
 -1593.592830888871 -2936.995942239651 695.0185362894599
 3229.702235057346 -2956.488188941441 491.8807772644605
 -2183.994115904253 -4246.145652028807 845.6926658992686
 3047.601376599931 1722.78101684561 432.4196715578382
 -2309.079954949503 2615.872207797544 982.8214912394459
 480.1785483516942 5838.043867797663 830.0805891643569
 -6097.351097825756 828.4345663051677 263.5223082960728
 2386.558267829575 2605.744451736385 842.7555889313344
 2243.324903161651 -3138.35205698969 787.6223709796575
 3390.272868738736 -1708.783192452143 566.5444532157328
 -881.5675067604266 -2754.322966065755 641.8578150112733
 -1893.46746197839 4293.249204127424 16.1395643424796
 -4242.083625132764 8.602991550721981 544.817229868442
 215.0364535303588 -5736.06685334676 2260.997138753077
 -2286.788459585284 2497.74977176215 1378.053162492247
 -1021.667642500934 -5174.561995989648 590.6287189586042
 -419.4796398890362 -378.0286573408186 921.3540073944657
 -72.04434538563828 -3395.746978638918 215.5425699244086
 1649.111973016142 4044.947287813781 520.9514957312413
 -1795.84204072772 -2811.203801645239 1147.020353221911
 5299.95883273549 1076.338305089658 108.6805865106217
 -274.4711553117741 5754.435658144961 509.3068568615759
 2965.214375029332 -2990.891240496126 614.4293869377877
 -1332.541515145176 144.4136472939741 500.8322252578035
 -536.083968311952 -3829.641590501881 824.2638502401368
 2377.212671745352 2876.851531134957 1425.344306962817
 4102.090853691227 2923.055247726159 509.4125914428925
