# Created by Octave 3.8.1, Tue Mar 10 23:21:24 2015 JST <ohsawa@berenjena>
# name: obj_data
# type: matrix
# rows: 300
# columns: 3
 1575.405184244591 1924.923085060196 2223.941963437469
 2362.198316785562 -3883.602973228837 677.1785782005811
 -4190.272968147501 -2193.205977097767 2124.768992226311
 119.9307256399609 -1371.724709193473 17.75395898157759
 3823.866795295948 -2338.444040819337 541.5037180736223
 4980.50935882634 759.7271757212127 144.6140631364639
 5050.778054392834 -3132.444865587124 2074.740673883538
 2219.986348636768 -3590.501474257239 401.7228856266842
 150.2730193037033 -2598.778097980346 252.5737530071802
 780.1231283879048 -3893.167073087572 4028.306795557454
 2995.015513338965 -4410.033425472008 1914.781241541139
 -3234.586332516705 5231.118558058505 559.2441357918146
 1582.830519789996 -2577.788694343338 350.3715830983451
 -2137.288344668003 5291.091178803331 1167.48032822007
 85.18085087162342 -3837.199008260527 347.3548871533484
 2081.567591416259 3901.294839364583 239.387870962065
 509.1822918416202 4161.679289303589 600.4495561789693
 1161.280348471705 -2164.84102919089 803.8180444973896
 1343.807162529792 -438.8686622885102 3307.50451898528
 -3499.153054163899 3510.659208432071 154.2753540447238
 4836.289207721861 -2892.784130726524 1205.273800192768
 4290.536953612978 936.4678193406053 1130.699156694154
 2662.584757033012 -240.6580962713007 136.3774392144371
 -3802.823598799974 -4216.623339175396 2238.660623756773
 2294.300257186503 4988.288723436764 6008.020061966041
 4525.438457086073 -1873.540312880385 841.7899018893926
 3950.642384773146 3014.543018126996 1419.442811868623
 1190.561315225028 4588.522368527976 1559.229634383352
 829.6497412649528 -715.2351753794574 907.9298511510291
 -2155.24518899169 4574.516421827175 2746.243708013193
 4503.658937056674 97.51241664829746 291.7612107729813
 -2808.2725446472 1564.893553802197 1959.307988439386
 -399.9196194926848 473.0711771030073 583.571065910859
 929.0293907465617 -3528.110209791733 939.5091320592603
 -1141.47457989315 5628.122946714395 5430.174194802624
 -4040.629017176709 2679.182506782766 2449.025486365748
 -2668.399170996391 -624.9212014644859 559.1112023076075
 684.0170992125701 73.0012379305561 825.316596173826
 1536.829502488166 -2680.937206464396 1042.694145189067
 2926.608164405849 3446.822479064894 234.5675079355651
 -1901.501748909497 6158.234814539924 308.3563389415666
 -1605.064042322843 -1791.11468580426 85.4024634788537
 1600.302584624301 6089.316501336498 94.06666454770557
 1087.807790291988 1873.028701398639 66.81532818591856
 3563.386652691632 207.7933649062175 785.3006465374154
 1077.995286885067 5502.511213226805 2449.298880303196
 3137.570334935677 -4509.219839167291 1900.67123567538
 1221.670738788861 -2349.887991224634 2317.827619442814
 -1827.958375354884 -1530.770234519231 31.81110099592414
 200.2684905882239 4182.00975079163 49.63313159931747
 -3030.500041677504 1316.865987708402 492.7200754563711
 3398.157035271051 -3688.922731180666 758.4561611594196
 3846.452460868725 -3679.46852289724 587.2105547081117
 2435.807577512551 -4937.375545319512 384.1100618099547
 3948.094456140684 3423.409393252584 625.7902885370933
 -1795.433582546093 3670.7740786858 1197.062055236971
 -1616.000166691331 -2947.335955545786 465.9557865797084
 -3219.135259900953 4904.272221441266 813.479225227089
 -334.4882287833815 -2639.332546128687 360.3644092761932
 -3136.26230060108 621.6351537455153 2137.291853211647
 4380.262085284757 2807.156348146671 247.6562328534418
 -1768.006547478223 -3781.502450767419 2074.634313556914
 289.2958004972874 938.5071595058658 427.6271983358307
 -2015.179331526705 -447.3517865282573 347.3469213531758
 193.62849894804 772.9971525572058 132.5301574596401
 5104.108656080371 -487.7580793827534 489.6021267164791
 -1912.104062687818 -3302.468341765227 497.7427901855127
 -484.1725192470436 -2733.111055318317 852.5254532203916
 -1221.073884396848 -1205.007347069756 713.9215033560992
 4906.183482157356 6011.314849539959 390.2378733887741
 3710.023952455796 210.2197854226146 1064.904204471911
 4313.794317732373 -1962.294216196418 40.57444890344515
 -690.7822751927856 -4255.215403622286 1396.577813752701
 1212.00612437031 2831.257087712223 85.41335391286638
 3244.956509325377 618.2905978049072 1007.010124640278
 3370.769402059712 -916.8981300674707 24.5697819176515
 -2112.797922397393 2066.873934821495 661.5968698736779
 -1917.17619971604 -2392.889915847376 201.5553377064734
 -1410.695333111246 -4327.607994446897 245.4268776095738
 2465.722968736001 -2009.733116671768 363.5052286875269
 3509.803959717733 1465.180260396308 774.4202974685358
 3986.110097770684 3068.501335107503 1910.89825035805
 1080.713499844224 5655.762938634158 66.08489381264869
 3497.750657203249 5207.927353499892 92.82797921919882
 -3230.732941833143 3540.396915099177 570.9698946092055
 -1429.883075768088 2402.854555077498 3015.790410504279
 -2666.310411473142 2990.407674225437 2287.754022550489
 1435.11362941458 4358.498452274821 70.5778476409005
 1257.376737467407 2349.769425086483 819.8979366704245
 1148.666907473737 -2605.293268992705 251.2792591611695
 -1116.670399214963 -670.1141948518155 57.37207852623991
 -2600.505150179921 703.2987902791763 871.6157145386088
 -1501.446649149914 5170.505225869569 704.9980786761395
 -2735.852811044126 1926.462095979502 335.4174415438284
 4728.322193267473 3539.052978923952 867.7318745937193
 -2248.204652486924 1367.788913788061 37.96133336375048
 -2120.231064478666 -2466.815181964127 541.6094300520898
 -4011.499176312471 -3288.423813369028 0.3884924245405038
 726.9709945172514 -4678.175207033071 322.7220583787771
 4938.894530064347 -4484.191256155301 89.15400919949656
 5002.348893109341 -1442.693080103391 969.1146330325914
 -492.7680978753972 2744.968962629664 788.9871446656742
 3257.54627170816 3907.095876164483 126.5042153940091
 1607.459888378639 3983.649133257334 246.5014089057534
 -4102.10468980803 -494.4891598825421 1081.878336208559
 5116.313263944994 1007.217239011058 467.3511737174018
 3562.52815541095 -2617.24657890174 1292.407711393606
 4923.771286706195 240.6134161929389 436.4038868225077
 -1096.86775844127 846.5288789331305 805.7379051099431
 -1107.23559833476 -4164.865059531907 54.54752086202796
 2417.205502373234 -386.0896147721573 416.5427521185758
 -1147.922921153595 -1951.180675469478 3854.428927973184
 2393.743317465036 -3531.01372262508 50.11239698076681
 2436.190665049674 2329.460338172155 1460.384899567342
 -3765.257858290523 4258.462039460825 53.93655927014832
 -171.5084946228993 -3232.646030428904 925.5849610758426
 -217.5935512730663 -2363.58924591228 1808.999265787171
 3749.991140609566 -2096.655446094424 492.5653033126205
 -3672.429752300756 -1768.207484093623 440.3761409464457
 -1052.922091844997 4529.948530912824 468.5079020787794
 3424.44279997817 -1658.074880310839 1432.637673101353
 3915.797825322717 -3718.715536496745 241.1204048876542
 4230.293279404539 4004.416903133716 661.2601084763352
 -3392.487126706009 -4382.771026102278 698.8801507575851
 749.0236740507529 -2393.417204820464 924.214819525848
 -3739.721691255962 2104.547143613645 7.812373764291569
 -2530.740941620811 -1502.58030490853 569.4150984931471
 -805.9868170965563 -4309.420233539533 1843.263956784086
 -3984.746850451082 -201.2248819335219 177.3043736804844
 2284.072556550886 720.4296176257697 401.5105594151709
 247.6501398584836 2162.622830135325 726.235719818274
 4062.190164829933 -4114.745495304266 385.9283792277097
 4956.215434810469 -4754.330040538194 2079.390746587832
 4200.211231478849 -3213.146703009354 313.9461909272786
 3170.656461786625 -1768.35991511905 207.2513319203096
 2544.366222803313 4558.954712016131 2168.173092156178
 2202.632654031778 -652.2942598563759 244.7403419921046
 -166.5286154055443 5754.921759377708 1468.278738328361
 -2724.43220351161 -1694.184257817348 1493.938477483716
 -2978.579830255641 6146.789920912175 1970.168273895889
 -2856.002048944129 -3004.644731345494 4730.364084029711
