# Created by Octave 3.8.1, Tue Mar 10 23:21:24 2015 JST <ohsawa@berenjena>
# name: obj_data
# type: matrix
# rows: 50
# columns: 3
 -1198.325368639586 -3484.824560792485 438.76866611355
 4682.513478323912 -5013.587581957385 2079.390746587832
 -2982.043882172109 -492.629499911895 800.0540851795793
 3915.003395714604 -1370.887259923721 922.449665448557
 -2554.540363289461 3846.262934860425 2948.109483919996
 -739.3844196394336 -314.3740433611885 1149.37545525376
 -129.9946591886204 -3827.049476934777 347.3548871533484
 -493.0455982006226 2324.230880406996 449.8261636988209
 1903.658929822246 1612.193796060304 789.3355344455753
 3112.023350793818 3287.72370489374 234.5675079355651
 2318.896322919164 601.2725961030966 401.5105594151709
 -1977.218801074331 -3668.403299691652 2074.634313556914
 2015.224841438496 -3699.427062364556 401.7228856266842
 2241.356491018053 -1046.159688602781 889.9769861024375
 -672.0943543870681 -3875.796482139143 71.99676315453148
 -3991.469538513169 29.58520859855881 177.3043736804844
 2889.871172518536 -3487.20489965064 687.63815166402
 -245.2182824764763 5086.73122999257 2073.46327360727
 4666.273256809678 -3148.253368073601 1205.273800192768
 -1196.716646382447 -3900.111074691774 248.2555418874945
 -1580.15567373616 -1052.571702265295 3731.120165195378
 -2700.715213717246 -466.6436271319469 559.1112023076075
 786.9014147511276 -751.3066898710058 907.9298511510291
 779.6886252671995 4252.568168512185 1104.210404796341
 491.4925751848192 3763.966074685038 357.133141991498
 3825.431517640546 -4325.28525990913 385.9283792277097
 3466.342278208755 5309.215176447328 572.2585136565699
 -1931.229129984685 -3032.623463960571 385.9601173214659
 2932.260177853291 2527.713656727261 2679.765263249567
 -1290.412999662149 -2843.748897988394 1120.666939146582
 -2038.633075335228 -325.667395684617 347.3469213531758
 1296.934758395272 -4145.389915275277 888.2476471562182
 -482.4141404670746 -2607.702640823674 360.3644092761932
 1739.134448293598 5435.133267648594 466.9026617421177
 4680.238871704793 -4742.903628362385 89.15400919949656
 1037.422090685315 -2217.10864851691 803.8180444973896
 -803.4987640912063 -4676.739201489697 676.5349059540833
 -2626.209594151449 2084.543476293626 335.4174415438284
 3665.04469986017 257.9664161127615 621.5374827611956
 4957.215825478695 -3630.919798841464 654.2806070838783
 613.0944515017251 -2422.410105635328 924.214819525848
 4527.863774236446 2568.22500713515 247.6562328534418
 4110.439160630036 2799.177404630288 1419.442811868623
 1420.809961862622 4754.753963522307 824.9310056202188
 -342.7000554255323 -220.0000303233986 473.7682274358751
 1163.048589537808 5032.48101467294 459.0168582265059
 -3954.864711034042 -2840.496876224655 46.44896611134266
 1673.524381287922 4280.915399768183 70.5778476409005
 2021.919789355454 -1956.460187595154 366.8329281523462
 1462.671102815219 -4446.234976294138 1448.788845359909


