# Created by Octave 3.8.1, Wed Mar 11 18:07:39 2015 JST <ohsawa@berenjena>
# name: obj_data
# type: matrix
# rows: 50
# columns: 3
 -1708.381473284848 3407.386145401751 1357.649838964769
 1879.741877976269 3680.164999106491 312.7122384603233
 2603.366421798144 2744.847115184217 1087.90935427332
 -608.5062809815948 1512.799634444416 487.4057632622954
 2658.597846941854 685.4663472544379 220.8751667420815
 4836.275786440488 -1736.07090418274 206.9996554096648
 -1816.993682584823 5328.499812624088 1587.292782964613
 1872.358040471717 -1231.805648138221 77.97577479433025
 3198.30726735569 3940.756193060544 4015.49730549214
 3250.593380924405 6152.749722254618 2194.006527852854
 -1696.03800501125 3974.554673845048 78.02446796031224
 -986.9947383560631 2182.931688197151 852.7188310984587
 -678.5553365146911 -156.0066313445773 3966.727702191133
 -2625.999087021006 4967.682089683142 359.5809550346884
 -1450.933686711536 -3906.672858985759 1270.381100467215
 3661.215706529145 5348.018856948385 2526.546705623097
 997.5741943142898 5703.90839543668 1484.210481308379
 -1204.965163583791 -1402.045555800579 251.053917667895
 4442.996041911786 766.4087630932517 714.1415771988064
 5392.527444879432 680.8360276271706 1556.744688073181
 1111.107729721213 -54.3115730014766 383.9422424134407
 5467.77220467827 -3208.70076812873 977.1877188825902
 2067.549735394506 1536.046842555929 561.929387841379
 2103.516904687902 -3826.325995866831 511.0021532517358
 -2051.983266776305 -1573.024012609071 384.6556000778101
 4644.049664002282 4302.736935190535 1817.386349573018
 -2349.455833342204 3088.14911749448 1123.091849993008
 4207.16813896227 -2201.937718070039 1294.502254612948
 3021.813001700883 -2379.389285115376 817.6185174017725
 3533.482534185262 -4853.383854411961 424.0093687524502
 -2.982744102113875 1368.10157822879 1693.280511989369
 202.5121303168067 4766.789201276209 229.228733089063
 1498.513458594 -3718.161714460789 5852.413582961705
 3499.518917721479 1209.596095417117 775.360675077567
 2585.586815113883 785.9659385663741 2110.701611863513
 2929.302843729744 4663.381691892497 821.3848133196358
 3332.453688542501 724.5356244178563 902.6862416145075
 371.243304084389 -5010.946286859752 2403.320219842563
 1176.956946781118 3750.022850873803 156.0174683614075
 -1060.99641911376 -3745.07298417615 2992.035180372019
 4322.515409259447 -4267.034960341806 155.3222222770574
 -1095.001010060736 -2462.326436214649 908.7920033913978
 1136.224816235534 78.41596127706242 490.9010148575057
 -260.4231197119583 -1655.380311882285 515.5289808997572
 -3239.71557117867 4994.649706581627 1986.025077467242
 -177.4261669389512 1979.09841640905 96.09444943190083
 440.7084041168026 -4331.447553811498 3912.262865394986
 426.8098518960119 3966.706849359123 380.1386925647639
 595.5866429519481 -3611.625254805832 1836.988670071825
 -656.8527221884127 -982.0390156207562 442.4115500649212


