# Created by Octave 3.8.1, Tue Mar 10 23:21:24 2015 JST <ohsawa@berenjena>
# name: obj_data
# type: matrix
# rows: 50
# columns: 3
 -1376.814554431608 -6465.076283877417 89.15400919949656
 -2437.074582758808 2043.174367324661 559.1112023076075
 -3546.77348139671 -496.0981574952521 1120.666939146582
 -1668.139728162318 -6647.79575680288 2079.390746587832
 1373.255276148562 -1318.446391294167 401.5105594151709
 4082.336164002128 1940.683900710246 824.9310056202188
 -2961.030894621263 -3461.832380888908 888.2476471562182
 -2834.065355347927 -1040.036297496467 360.3644092761932
 -1508.552173381079 -4240.56937588771 687.63815166402
 4780.257506727805 1973.495310018225 466.9026617421177
 -2310.66241584074 732.1456646396929 3731.120165195378
 -130.3133550499097 -5415.921769958181 1205.273800192768
 4306.712113078132 -1881.560693750235 247.6562328534418
 -564.3563825247359 -908.7652605419482 907.9298511510291
 5827.534491088991 663.4277911330228 572.2585136565699
 79.13062887350679 -2298.608602622005 889.9769861024375
 -380.642698528457 -5970.482924133767 654.2806070838783
 -372.2041064991311 3543.30656232339 335.4174415438284
 4201.158533036396 -1376.898066980619 1419.442811868623
 -2023.965904154506 -1791.615090077438 924.214819525848
 -5192.844510699772 1569.891129065643 46.44896611134266
 842.1368374186038 -3841.245074331702 922.449665448557
 3281.01752857016 -628.0477086320366 2679.765263249567
 -1129.418543684707 430.5143164419341 1149.37545525376
 1973.02977454113 -2764.524346919922 621.5374827611956
 -4693.984287209821 -2129.24737962338 676.5349059540833
 1076.721040883806 1960.276899026742 449.8261636988209
 3434.689876786627 3398.754848809463 2073.46327360727
 -2006.891460948174 1558.534637492128 347.3469213531758
 1798.779999858158 -347.9063936034863 789.3355344455753
 -4625.545360006047 -515.4155897369883 2074.634313556914
 -2888.520328873786 3280.171051546175 177.3043736804844
 -2177.270405347772 -3708.795395099134 401.7228856266842
 -781.0757909092813 -2699.00293233056 366.8329281523462
 -3996.772582990488 -243.632589258975 385.9601173214659
 4252.554079866507 2315.49647658995 459.0168582265059
 -1610.795368660855 -5421.984464240897 385.9283792277097
 -3996.018880616965 -1756.663106355114 71.99676315453148
 3339.090732665521 2075.257897036553 1104.210404796341
 -3567.902903602487 -2126.596603320037 347.3548871533484
 -875.6915512008688 274.9058601155796 473.7682274358751
 2734.431980324921 2091.104216295857 357.133141991498
 -4107.130834586197 -1073.666094604218 438.76866611355
 978.744899539169 4504.027267461233 2948.109483919996
 -1588.155776882575 -2035.344683400615 803.8180444973896
 -2716.137518330024 2247.922139439824 800.0540851795793
 3932.217102731912 1421.655160000948 70.5778476409005
 -3118.875879193032 -3692.134601472166 1448.788845359909
 3990.104132792854 -275.3931509838837 234.5675079355651
 -4336.328616574068 -1342.340138571415 248.2555418874945


