# Created by Octave 3.8.1, Wed Mar 11 18:07:39 2015 JST <ohsawa@berenjena>
# name: obj_data
# type: matrix
# rows: 50
# columns: 3
 2230.204478605991 -287.3053249579646 902.6862416145075
 3622.604055927411 4959.845333110592 2194.006527852854
 -3629.284217527524 -3449.159532280747 1270.381100467215
 -119.2181187266863 -435.2642127327304 383.9422424134407
 1090.215292380826 -3191.094696043575 817.6185174017725
 -806.2976944404836 1235.657103936417 1693.280511989369
 2279.133225757268 -3341.514569124854 1294.502254612948
 -2072.415055222723 -849.2093528784067 442.4115500649212
 -3210.053585534225 -3399.507152883144 2992.035180372019
 1332.044542305142 5138.055947613206 1484.210481308379
 -186.0918467791843 -4334.94872698464 511.0021532517358
 -1729.673422153477 4203.314559922487 78.02446796031224
 1830.537977023655 -5360.232988204144 155.3222222770574
 -1479.320809163664 5539.644937745058 1587.292782964613
 -1579.413108358167 -3719.641173013016 1836.988670071825
 -808.4203580587948 1871.154051685222 96.09444943190083
 -3575.129451450123 -1040.016920850296 384.6556000778101
 -1532.35115548647 2286.886946368475 852.7188310984587
 1527.907352153901 -25.89427443312871 2110.701611863513
 -2355.619275725741 5411.478481374113 359.5809550346884
 2972.717728281378 2844.991967596022 4015.49730549214
 4462.41954677992 2801.6634911323 1817.386349573018
 1570.842990027195 -142.3567260255628 220.8751667420815
 2909.448797711954 3613.10496866198 821.3848133196358
 -2895.056628503129 -2155.338054292663 908.7920033913978
 311.8307179289765 3620.885165568903 380.1386925647639
 -1349.633033862012 1539.449479093777 487.4057632622954
 1232.386288329278 836.2580401711485 561.929387841379
 294.9028954011116 -1775.050799125162 77.97577479433025
 2075.84624725766 1854.870617576492 1087.90935427332
 -1895.097713672204 3661.09355097413 1357.649838964769
 312.5425005019468 4451.668329994623 229.228733089063
 -1873.163645517421 -1604.445298529778 515.5289808997572
 3799.768708327902 4073.841486469525 2526.546705623097
 -58.98721138004163 -314.0840381413964 490.9010148575057
 1632.873100517761 2951.144647440896 312.7122384603233
 3011.119944419856 -3063.263879231286 206.9996554096648
 -2939.04277467443 5603.807656817638 1986.025077467242
 3310.347483867006 -548.1763383798209 714.1415771988064
 912.3334327427035 -5711.187295667562 424.0093687524502
 -1869.475710545692 -48.03322444104242 3966.727702191133
 3220.062799697408 -4652.204764970832 977.1877188825902
 975.2672298507219 3208.906745779014 156.0174683614075
 -1923.520197833705 -4370.726479393756 3912.262865394986
 2522.419216354385 134.3098457856656 775.360675077567
 -2174.334555465155 -5005.836046144792 2403.320219842563
 -738.900184775123 -4067.038984897477 5852.413582961705
 -2713.607174776344 -1105.049757806073 251.053917667895
 4201.364905037815 -887.6921825012016 1556.744688073181
 -2598.436570629661 3527.554645314517 1123.091849993008


