# Created by Octave 3.8.1, Wed Mar 11 18:07:39 2015 JST <ohsawa@berenjena>
# name: obj_data
# type: matrix
# rows: 50
# columns: 3
 -2155.903277097332 3243.408210344669 1357.649838964769
 2750.666639858546 3776.833655876353 4015.49730549214
 663.4284065045098 -218.3363224104647 383.9422424134407
 2574.342577376871 -2543.383482733037 817.6185174017725
 -1126.233843446666 -319.8113375332867 3966.727702191133
 2884.911401071386 560.5694776027232 902.6862416145075
 -245.1246002839376 4602.916234407962 229.228733089063
 3213.887227932654 5184.177803297342 2526.546705623097
 2481.782398720546 4499.382483056822 821.3848133196358
 -1542.50685137426 -2626.348331077729 908.7920033913978
 1432.32415709115 3516.224877746939 312.7122384603233
 2803.12073237441 5988.909834087699 2194.006527852854
 -625.0495106151618 1815.121673420715 96.09444943190083
 2155.720628969048 2580.893867662896 1087.90935427332
 -1652.293176534595 -1566.058292415145 251.053917667895
 550.1204612732889 5539.903671643303 1484.210481308379
 729.4665865781565 3586.185860830908 156.0174683614075
 3995.248071730608 602.3783272472838 714.1415771988064
 -3687.318781331366 4830.788093442771 1986.025077467242
 3086.010084192452 -5017.41474578833 424.0093687524502
 2210.867812538101 521.673779753364 220.8751667420815
 -708.0093561532778 -1819.056288026874 515.5289808997572
 1424.945021478443 -1395.675658281108 77.97577479433025
 -1508.605854609403 -3909.043820277625 2992.035180372019
 -1898.473136953696 -4070.492163534165 1270.381100467215
 1655.866214068297 -3990.355426300236 511.0021532517358
 -2264.697558152605 5164.653347396833 1587.292782964613
 -1104.549264106539 -1145.959613558225 442.4115500649212
 4944.918187975591 516.9065129273524 1556.744688073181
 3051.903585047498 1045.839978889278 775.360675077567
 -450.6303826084925 1204.228853593441 1693.280511989369
 688.615940065047 -85.52737658500473 490.9010148575057
 -6.969892689526546 -4495.446793949988 3912.262865394986
 3874.882200820959 -4430.775400118434 155.3222222770574
 1050.927416589918 -3882.037050144383 5852.413582961705
 -1434.714918619019 2019.117710045734 852.7188310984587
 4388.618431552071 -1899.85052960477 206.9996554096648
 3759.579759313209 -2365.893168304554 1294.502254612948
 -20.61608978471486 3802.889180840481 380.1386925647639
 5020.425707525445 -3372.553162578446 977.1877188825902
 -76.38758497651497 -5174.691802785986 2403.320219842563
 -1056.197640114878 1349.023359536182 487.4057632622954
 -2797.021025088899 2924.453736272171 1123.091849993008
 4196.622251083441 4138.993333895927 1817.386349573018
 1620.001955752087 1372.128431001745 561.929387841379
 -3073.523369001659 4803.811357973967 359.5809550346884
 -2499.376597560691 -1736.915617937128 384.6556000778101
 147.9287146935804 -3775.544260049034 1836.988670071825
 2138.12440011014 622.1151655431131 2110.701611863513
 -2143.759440834915 3810.456111284861 78.02446796031224


