# Created by Octave 3.8.1, Tue Mar 10 23:21:24 2015 JST <ohsawa@berenjena>
# name: obj_data
# type: matrix
# rows: 50
# columns: 3
 3950.642384773146 3014.543018126996 1641.425302267572
 749.0236740507529 -2393.417204820464 1131.444214768627
 1709.809255509955 -4366.875757720499 1492.43008326528
 283.6522080802223 3776.628715545075 707.5465479333368
 3081.480361332309 -3329.977930391274 707.4133814981948
 -540.0393701460055 -4723.020707343089 736.4439381688726
 -2762.244667465279 3689.441222134968 3009.354319683064
 -1516.995805750274 -1147.640707865397 5103.30056363474
 -975.8289277864997 -3969.456501890919 291.9023160276523
 85.18085087162342 -3837.199008260527 359.9499522728786
 -453.3700112098376 -3916.010929959973 140.9787891870288
 1527.602526932207 -4075.710865155951 953.0236334039234
 5153.617613689878 -3358.527777403225 767.7267038256496
 4380.262085284757 2807.156348146671 567.2789145097703
 1813.271036596978 1706.70021637539 1337.644844362559
 -2947.847876750439 -666.5085328420755 967.9089328422101
 -3788.62432057654 -3064.832229370239 257.5107180795144
 -1000.524767679771 -3554.90181055829 645.1535115260222
 -2015.179331526705 -447.3517865282573 382.9703664887685
 544.2365719300925 4280.498499013302 1241.065935733493
 1156.445062645509 4817.55334243602 925.2480716550295
 4938.894530064347 -4484.191256155301 195.6823143822055
 829.6497412649528 -715.2351753794574 915.5374213692173
 2789.379020590077 2677.993347367057 2775.161967973728
 2219.986348636768 -3590.501474257239 447.9311538702615
 -334.4882287833815 -2639.332546128687 563.8722569470643
 2129.763342656155 -1849.858444206894 655.9197850887444
 4836.289207721861 -2892.784130726524 1238.197588430751
 883.6409968147004 5080.519465101615 729.1218399509828
 3167.985671490891 5484.88689683038 731.5988426554871
 -3984.746850451082 -201.2248819335219 246.579423974053
 2298.248615101286 -928.7655186714651 1065.32029938923
 -1768.006547478223 -3781.502450767419 2331.48974605855
 -525.463791227093 5056.387225404152 2207.962275281637
 3647.226222495355 452.4992740985452 687.4995144362094
 -619.3148960603896 2284.380997055986 585.0368956082525
 -2668.399170996391 -624.9212014644859 904.8385227154801
 2926.608164405849 3446.822479064894 312.968783282156
 1435.11362941458 4358.498452274821 87.18699083329075
 -1757.436877396984 -3144.149070417438 953.7931975212996
 4062.190164829933 -4114.745495304266 510.5956203751414
 3987.361267144193 -1159.937328987773 1491.821493986766
 -327.7446597440921 -247.5553186207742 511.062425010592
 1161.280348471705 -2164.84102919089 982.09956503978
 1436.448595966485 5514.578806441951 628.0398421142638
 4956.215434810469 -4754.330040538194 2428.521660303734
 -1128.113261041861 -2919.93778512957 1654.94081611047
 2284.072556550886 720.4296176257697 438.6576476185953
 -2735.852811044126 1926.462095979502 494.558778717502
 -718.5682980411143 -363.8386918816256 1198.776274195509


