# Created by Octave 3.8.1, Wed Mar 11 18:07:39 2015 JST <ohsawa@berenjena>
# name: obj_data
# type: matrix
# rows: 50
# columns: 3
 -1516.898569654888 -4903.094668739747 2403.320219842563
 2949.211982340973 -3272.802740012523 1294.502254612948
 5179.289291279852 2853.477513312383 1817.386349573018
 -101.1125318762561 1327.975568963775 1693.280511989369
 -912.0632662774926 -3621.647867490117 1836.988670071825
 2223.371145033512 48.41185165846241 2110.701611863513
 2923.527972699825 -218.5321746485404 902.6862416145075
 -98.63059417693916 1963.275426917782 96.09444943190083
 1934.444909380086 912.9882774662817 561.929387841379
 -1618.628637634617 5515.302483915224 359.5809550346884
 573.0371537954572 -348.4315614456857 383.9422424134407
 4001.635720583693 -487.3800611419658 714.1415771988064
 -1174.164169181698 52.16260299179436 3966.727702191133
 2785.397459406581 1924.911266286759 1087.90935427332
 -2959.70481746857 -3335.433119387451 1270.381100467215
 2350.880278914068 3024.611849994462 312.7122384603233
 -2887.438443296951 -926.814836160706 384.6556000778101
 -1002.044683834036 4302.438173219064 78.02446796031224
 2066.715200154727 5213.860449353209 1484.210481308379
 2485.305670598161 -5288.199529283434 155.3222222770574
 3632.490596616964 3676.86676286213 821.3848133196358
 1761.402743763642 -3113.43146935607 817.6185174017725
 -1171.51736992296 3761.171322774986 1357.649838964769
 -642.4605311250305 1635.578390836977 487.4057632622954
 4355.667610038198 5018.121795062811 2194.006527852854
 1564.337374188259 -5632.121519405888 424.0093687524502
 634.1901786905607 -227.8789360727308 490.9010148575057
 3683.099228038948 -3000.231826560391 206.9996554096648
 -74.37465156413305 -3975.236830480163 5852.413582961705
 -1189.699460250691 -1504.245376325884 515.5289808997572
 3880.095745873925 -4590.58582837929 977.1877188825902
 3689.668189955855 2908.032407742509 4015.49730549214
 -2540.308551051563 -3288.862344235198 2992.035180372019
 -2215.898008724573 -2047.405621017461 908.7920033913978
 -741.3339971896812 5636.79424278336 1587.292782964613
 1042.124365921829 4535.204580835192 229.228733089063
 2265.288111935235 -68.30594440019189 220.8751667420815
 3218.973134781586 201.0938554431328 775.360675077567
 976.8179658892594 -1691.18862154798 77.97577479433025
 476.5209684612907 -4247.629626171297 511.0021532517358
 -2026.270026291077 -998.4493628457888 251.053917667895
 -1261.190362510216 -4270.002328847751 3912.262865394986
 -1876.072083159312 3633.23939018158 1123.091849993008
 4890.002084654884 -833.7670757929639 1556.744688073181
 1035.117231985174 3704.302506099282 380.1386925647639
 -1383.25209704247 -747.3831639177829 442.4115500649212
 1695.259397426741 3287.413226207152 156.0174683614075
 -819.5380715040376 2384.54121595203 852.7188310984587
 -2200.668247575285 5712.031853643448 1986.025077467242
 4526.250881781956 4130.865291759302 2526.546705623097


