# Created by Octave 3.8.1, Tue Mar 10 23:21:24 2015 JST <ohsawa@berenjena>
# name: obj_data
# type: matrix
# rows: 50
# columns: 3
 5190.202788120069 -2939.094347306405 654.2806070838783
 866.0346756886194 5585.760271493694 459.0168582265059
 3909.710292189222 3517.909667950034 1419.442811868623
 -1143.862055393156 -2505.936469901586 1120.666939146582
 -483.8955937567381 5450.99869149394 2073.46327360727
 -498.9526114729088 -4297.679068087037 676.5349059540833
 -246.5834309073073 267.2578955047986 473.7682274358751
 -2719.693149025029 4166.450752295199 2948.109483919996
 4886.398186427092 -4093.470875847578 89.15400919949656
 797.8313589146807 -283.7925712397117 907.9298511510291
 1081.589719202408 -1601.218335198526 803.8180444973896
 -2863.793372184133 2397.559030516601 335.4174415438284
 4843.867885516674 -2361.511323857961 1205.273800192768
 2309.075344730677 -468.7344609466311 889.9769861024375
 1071.52783839423 5277.460876014415 824.9310056202188
 3671.549737247697 960.3390433119351 621.5374827611956
 -771.1942605259126 73.5000364019325 1149.37545525376
 3951.119138330993 -760.3947785928488 922.449665448557
 474.4765778590032 4741.066597915274 1104.210404796341
 192.5755296688547 4265.796442253179 357.133141991498
 4861.952665466427 -4229.5868158317 2079.390746587832
 -2695.51371741486 -138.9973503457728 559.1112023076075
 -1683.399513642298 -2761.303133682194 385.9601173214659
 1738.299951929239 -3837.053927367925 1448.788845359909
 1525.004245682491 6128.467958029518 466.9026617421177
 2903.909194438268 3840.30104473236 234.5675079355651
 2216.32304595725 1208.733122357432 401.5105594151709
 -3800.102186553184 -2613.017347187158 46.44896611134266
 4362.289075584235 3174.935564545817 247.6562328534418
 128.3845188191874 -3284.315824031019 347.3548871533484
 4128.651308595972 -3622.844640998542 385.9283792277097
 -2913.966695121256 -154.8234360693814 800.0540851795793
 3157.694576412996 5913.487406823879 572.2585136565699
 2843.578702301989 3140.797596103334 2679.765263249567
 -573.3627705605784 -3339.404640723114 71.99676315453148
 1552.921260862747 -3488.364208785633 888.2476471562182
 2995.537724973387 -2900.73035612785 687.63815166402
 -1854.695168135431 -3403.823733215896 2074.634313556914
 -1543.84676699851 -775.5834009398325 3731.120165195378
 -955.5237760824202 -3016.832633463753 438.76866611355
 -2046.545295997479 4.751401125969238 347.3469213531758
 1833.088597966366 2229.914318969869 789.3355344455753
 627.2770608022834 -1907.938158844057 924.214819525848
 2081.585426987171 -1386.023413967826 366.8329281523462
 1401.255438609379 4839.741932243574 70.5778476409005
 -4021.58669496648 284.6729124657264 177.3043736804844
 -1069.274351378567 -3572.277256507509 248.2555418874945
 -638.1874397431843 2781.900277035463 449.8261636988209
 -334.8430386321069 -2191.222990590642 360.3644092761932
 2230.250264152076 -3250.027446393341 401.7228856266842


