# Created by Octave 3.8.1, Wed Mar 11 18:07:39 2015 JST <ohsawa@berenjena>
# name: data
# type: matrix
# rows: 50
# columns: 3
 160.1853660080145 33.50585180563558 2403.320219842563
 159.3599335120614 36.04598654999147 821.3848133196358
 160.5158207134102 34.5632449875447 442.4115500649212
 159.6435784170503 35.22550102324273 561.929387841379
 160.8633587572722 35.71463871065315 1357.649838964769
 160.163847734994 33.68426628433306 3912.262865394986
 160.3094921627779 35.18150964869234 1693.280511989369
 160.388459082658 34.38685459977386 515.5289808997572
 159.1887311424286 33.5446464181892 424.0093687524502
 160.6896587719038 34.45200807002247 251.053917667895
 159.4691907482976 35.54248457440269 1087.90935427332
 160.5044130720184 35.21890580683563 487.4057632622954
 159.7089174580019 34.49836864188941 77.97577479433025
 160.6275088588332 35.39441158101288 852.7188310984587
 160.6390998511033 33.83674863771781 2992.035180372019
 158.80423466849 35.94708278667773 1817.386349573018
 160.9590185540522 34.40530893662353 384.6556000778101
 159.1838672011793 35.13754628912659 775.360675077567
 159.9434509944082 34.84296906389098 490.9010148575057
 159.455010956498 35.00132421981542 220.8751667420815
 160.3662878602083 35.34187777201905 96.09444943190083
 159.478177078316 35.02781916704824 2110.701611863513
 159.9875704451126 36.32099776655245 1484.210481308379
 159.9295422161107 35.8077604811463 156.0174683614075
 160.1152058645687 33.87341071045118 1836.988670071825
 159.1201137491821 36.22434600800129 2526.546705623097
 158.9381817799895 33.69681800958367 155.3222222770574
 158.8824082696879 35.01862673919238 714.1415771988064
 159.3448675716453 34.19541770589656 817.6185174017725
 160.5241227220537 34.78029449125867 3966.727702191133
 160.6524713774742 34.17363523770275 908.7920033913978
 161.1661322217037 36.12200511892211 359.5809550346884
 158.9678441723429 34.23946641286033 1294.502254612948
 159.6382881130318 33.81651122744523 511.0021532517358
 159.9515361814242 34.80807333237897 383.9422424134407
 160.8610110489687 35.8636304192713 78.02446796031224
 158.5718346972847 33.97107549820927 977.1877188825902
 160.2461137547726 36.07463327645281 229.228733089063
 159.2519033597017 36.43658604094474 2194.006527852854
 159.2742759884145 35.85568681602378 4015.49730549214
 161.3658088888204 36.12698948960112 1986.025077467242
 159.7018910417657 35.78903236528586 312.7122384603233
 160.9041871582746 36.21903753087589 1587.292782964613
 159.238707592898 35.01038634099143 902.6862416145075
 160.1726851468594 35.86459064490452 380.1386925647639
 159.8295208550702 33.84537390113456 5852.413582961705
 158.7661486054007 34.36004925780396 206.9996554096648
 161.0696817937283 35.62919044220672 1123.091849993008
 160.7620085559218 33.79364764614205 1270.381100467215
 158.5782108612676 34.99300032858238 1556.744688073181


