# Created by Octave 3.8.1, Wed Mar 11 18:07:39 2015 JST <ohsawa@berenjena>
# name: obj_data
# type: matrix
# rows: 50
# columns: 3
 -333.464816503172 4196.358370550209 1363.252391498703
 4103.969606519917 -2588.764998746247 1938.910975096603
 4487.44951510867 1321.949222305547 4084.410350718885
 438.272186942732 -343.7968898952125 599.6254320248632
 -4093.647090214607 -1769.695406706423 1284.62218117316
 5936.325926513844 2994.605595001688 2205.843588166364
 327.7747655993185 -3439.800003819904 868.2751626566946
 2703.250417832714 3866.413135449322 349.9088655431642
 1354.613556624849 -4057.420017289028 1392.649111627003
 380.990367130001 1376.227026730397 1841.237251408986
 -1619.645879651137 -19.79145866028398 527.5467069226851
 3304.843620064362 1960.284946568024 404.7112235381134
 140.7372965059308 2631.026026696608 1103.018737758436
 364.1736595324794 4034.394235383742 1606.770567199466
 193.6032423728029 6233.45622128699 2115.426065781875
 -2905.617140577681 -3301.588724885949 4503.013946000839
 4740.011628144462 2050.529519558507 1055.08122736471
 5833.05384543648 680.7925785923903 1997.423358145935
 734.335958100241 4464.05895193715 402.2278194299399
 -2309.506168140416 4.82732345036402 278.0804170627551
 2006.691412264679 -720.8370557652719 2416.746870254807
 2136.502511613664 -4098.415044205767 231.7450922790999
 -3690.298176143411 -1893.42751066058 3058.364052844965
 2084.624155683002 187.6006120665082 635.293009456207
 -3391.610555721355 -3781.162121574819 2490.472381975923
 3267.258142228717 778.7355489978686 1260.23171098179
 635.1967595213328 1958.255153253925 323.3233778304415
 1998.635487710181 -844.5081929559008 325.3204370411788
 3426.252649623798 -1918.394359261953 1027.253657480719
 -1699.202368323181 -3502.068482782121 5880.084446116384
 2366.919003568168 3106.536774793895 476.2796112736522
 -852.7973129481966 -5673.383919716854 451.8202894690502
 -2327.844190893347 -2845.003444748959 1952.844221033044
 2981.113478113622 -975.7359832849895 915.1407519491547
 649.7423075397155 5822.007834315889 1013.886854765414
 -1742.394319568587 -791.4423487186549 959.6204796048241
 1503.48607297627 5585.275504639912 1620.526664191899
 171.9271384356704 -1822.954134814178 114.9704805766274
 128.9817291689169 -5723.091251787124 163.6892791442734
 2543.317408075432 -1243.679678517448 940.6274918112312
 334.2782223347747 -430.164174811193 522.1493786622445
 -1110.398919337835 630.7196675349446 4256.064478715056
 -2899.936637261021 -882.7946812090331 1325.928685981588
 -3071.500970144741 412.4417228583043 650.9693194040024
 6.141622527553068 1873.575861388865 507.3801782189494
 1686.117054723938 -5636.468876202538 992.8785786830629
 -1301.780776750664 -3970.718059705617 1388.453805343893
 2807.138347698661 2461.690495612648 346.2734662812882
 5740.661502179821 2112.435581241588 2656.566126030576
 3913.047377097042 4082.667609475885 1524.375955061944


