# Created by Octave 3.8.1, Tue Mar 10 23:21:24 2015 JST <ohsawa@berenjena>
# name: obj_data
# type: matrix
# rows: 50
# columns: 3
 1527.602526932207 -4075.710865155951 888.2476471562182
 3647.226222495355 452.4992740985452 621.5374827611956
 3950.642384773146 3014.543018126996 1419.442811868623
 -540.0393701460055 -4723.020707343089 676.5349059540833
 749.0236740507529 -2393.417204820464 924.214819525848
 1813.271036596978 1706.70021637539 789.3355344455753
 4956.215434810469 -4754.330040538194 2079.390746587832
 -1128.113261041861 -2919.93778512957 1120.666939146582
 -2668.399170996391 -624.9212014644859 559.1112023076075
 544.2365719300925 4280.498499013302 1104.210404796341
 2926.608164405849 3446.822479064894 234.5675079355651
 -619.3148960603896 2284.380997055986 449.8261636988209
 -525.463791227093 5056.387225404152 2073.46327360727
 5153.617613689878 -3358.527777403225 654.2806070838783
 4938.894530064347 -4484.191256155301 89.15400919949656
 -718.5682980411143 -363.8386918816256 1149.37545525376
 -327.7446597440921 -247.5553186207742 473.7682274358751
 -453.3700112098376 -3916.010929959973 71.99676315453148
 -1768.006547478223 -3781.502450767419 2074.634313556914
 1435.11362941458 4358.498452274821 70.5778476409005
 1156.445062645509 4817.55334243602 824.9310056202188
 883.6409968147004 5080.519465101615 459.0168582265059
 2298.248615101286 -928.7655186714651 889.9769861024375
 3167.985671490891 5484.88689683038 572.2585136565699
 -2015.179331526705 -447.3517865282573 347.3469213531758
 3081.480361332309 -3329.977930391274 687.63815166402
 829.6497412649528 -715.2351753794574 907.9298511510291
 1436.448595966485 5514.578806441951 466.9026617421177
 -2735.852811044126 1926.462095979502 335.4174415438284
 4836.289207721861 -2892.784130726524 1205.273800192768
 85.18085087162342 -3837.199008260527 347.3548871533484
 2284.072556550886 720.4296176257697 401.5105594151709
 -334.4882287833815 -2639.332546128687 360.3644092761932
 2219.986348636768 -3590.501474257239 401.7228856266842
 -2762.244667465279 3689.441222134968 2948.109483919996
 -3984.746850451082 -201.2248819335219 177.3043736804844
 2129.763342656155 -1849.858444206894 366.8329281523462
 -1000.524767679771 -3554.90181055829 438.76866611355
 3987.361267144193 -1159.937328987773 922.449665448557
 1161.280348471705 -2164.84102919089 803.8180444973896
 4380.262085284757 2807.156348146671 247.6562328534418
 -975.8289277864997 -3969.456501890919 248.2555418874945
 283.6522080802223 3776.628715545075 357.133141991498
 1709.809255509955 -4366.875757720499 1448.788845359909
 -3788.62432057654 -3064.832229370239 46.44896611134266
 -2947.847876750439 -666.5085328420755 800.0540851795793
 2789.379020590077 2677.993347367057 2679.765263249567
 4062.190164829933 -4114.745495304266 385.9283792277097
 -1757.436877396984 -3144.149070417438 385.9601173214659
 -1516.995805750274 -1147.640707865397 3731.120165195378


