# Created by Octave 3.8.1, Tue Mar 10 23:21:24 2015 JST <ohsawa@berenjena>
# name: data
# type: matrix
# rows: 50
# columns: 3
 161.0164384408089 34.69702266707851 559.1112023076075
 159.2180840016757 35.76863556839949 234.5675079355651
 160.6474137220297 34.5621791721975 3731.120165195378
 159.9246668951961 34.23653661651264 924.214819525848
 160.3649929038204 35.46518663311173 449.8261636988209
 160.4789440491813 33.93049633867469 438.76866611355
 161.0610689535683 35.8302455022942 2948.109483919996
 158.9945300185595 34.98021995919976 621.5374827611956
 158.8881027029089 35.65247908155068 1419.442811868623
 158.8912135409675 34.55564470786719 922.449665448557
 161.4389354467805 34.80410983299766 177.3043736804844
 160.3319054130155 33.62416223696173 676.5349059540833
 160.7214291575035 33.86979744813699 2074.634313556914
 160.4705061316858 33.82163530529441 248.2555418874945
 158.877933933349 33.77928820974527 385.9283792277097
 158.6025767601884 33.67946533508651 89.15400919949656
 159.4592271324339 33.92089007590889 401.7228856266842
 159.9895319780675 35.99018698981448 1104.210404796341
 159.7001686028631 36.01030491812184 70.5778476409005
 159.8790043724283 36.20027901650183 459.0168582265059
 159.7903675026061 36.13108364621577 824.9310056202188
 159.6216817158241 33.71756624450401 1448.788845359909
 159.1342108826265 36.30342737241341 572.2585136565699
 160.2688267323701 34.1716574176819 360.3644092761932
 160.3053410768075 33.83619090784645 71.99676315453148
 160.3936469225855 34.76921486668727 1149.37545525376
 158.6280552295319 34.09773718826113 1205.273800192768
 161.0465333467835 35.36717552996936 335.4174415438284
 160.1350352098445 33.85719540696218 347.3548871533484
 160.2687285403558 34.80010952348269 473.7682274358751
 159.4311656505936 35.05344348038666 401.5105594151709
 158.5983076343872 33.60847763125668 2079.390746587832
 159.69860204682 36.31396877092439 466.9026617421177
 160.0740289478674 35.85779232960213 357.133141991498
 159.7934901684886 34.29644180942685 803.8180444973896
 159.4849499578727 34.37829625408432 366.8329281523462
 161.3636945461907 34.05263419078248 46.44896611134266
 160.5203904863409 34.09713276332109 1120.666939146582
 161.1055803823325 34.68532272267224 800.0540851795793
 160.8081632470395 34.74523385970993 347.3469213531758
 159.264350905206 35.56692643639876 2679.765263249567
 160.3377384195901 36.19352681903558 2073.46327360727
 159.185824106669 33.9878280708495 687.63815166402
 159.5809582818936 35.31321737391459 789.3355344455753
 160.7195376737756 34.03723144979425 385.9601173214659
 159.4296380476492 34.62007382757447 889.9769861024375
 159.8984996406606 34.67746848047999 907.9298511510291
 159.6789333382029 33.79420338247637 888.2476471562182
 158.5295954442831 33.97426424961457 654.2806070838783
 158.75006426059 35.59664510813182 247.6562328534418


