# Created by Octave 3.8.1, Tue Mar 10 23:21:24 2015 JST <ohsawa@berenjena>
# name: obj_data
# type: matrix
# rows: 50
# columns: 3
 4406.531440014851 616.5572868433303 1514.960857503794
 3781.97444318908 673.5408047985836 600.0294774913921
 -3742.659175773682 880.9864138905996 604.8430330529011
 -1070.639440179044 3027.208392019673 787.3093031642843
 -3416.453529774887 1675.234667374704 470.3525838643225
 -765.891857221332 2346.912719098571 377.2163036506248
 972.9141235668717 -3103.961298312923 679.1243698457087
 -3776.70460825829 -184.5209659218301 379.4075449125029
 -1325.355024168325 1724.804545199432 3880.099842118681
 -251.4114692822099 784.8740917129915 498.9208010672601
 -4804.259459009131 207.9507210850472 703.6142100109687
 4998.741081079632 127.4501029514072 1300.156158397001
 3090.763013794083 -1857.85069929403 2752.439110941616
 -3964.784379815119 280.6928572631534 188.3141303165768
 -468.4927093915044 1131.080835002643 1284.584854117918
 -1461.67424405266 -1871.730043252413 690.0545696800216
 -3197.781921600248 -2327.785405385058 631.0461304923811
 4957.906988768194 1719.623199175417 3294.954432812653
 3833.552215021471 -1975.156488776061 340.7065626626897
 -517.6440806895135 -1917.670057372767 953.3319721439807
 5108.916872000268 268.758276592888 462.6207260954117
 -3596.0039295407 3767.374947162356 218.4662375756978
 -780.8328094302153 4378.260065092319 342.0733429469459
 -3678.247219181136 -5094.978499233596 117.0478379081357
 -2136.299058854944 -4711.277471684632 1233.60485201781
 -3941.375217969822 -5220.131005480618 2356.759023270476
 -2614.683488185866 -5149.100668883802 681.3058593281731
 3581.37528871925 -2975.257065329538 1551.587994882317
 5721.399777209715 -141.4313422110911 776.5119500114525
 -2634.81762948146 387.5527855491285 542.9717821275184
 -3778.87597637303 -1647.027106083783 932.8706989551515
 -1013.885012887444 3294.816393959012 963.7492660094453
 4394.590900530177 -381.4658297228233 101.4806376033163
 2103.474511421677 1392.032220312169 552.2692918787726
 1895.474484223346 -1111.066993928437 1132.343259603961
 -4019.80830766679 779.4440140493309 334.5099737882628
 -4029.709795740295 1660.871482850779 2480.692758811646
 -3110.329316726426 1102.77640767589 1290.408651519307
 -3989.497650617381 -2002.344006841247 1573.315531160082
 -1879.926966819589 -1054.605243930338 880.3852101997463
 3439.420788496954 -3383.07869873682 397.4566750355489
 -3481.596270256174 -4067.922772937512 404.4292441506838
 -643.9616103702054 -463.79722473855 967.6181983289169
 -2180.736323332745 -633.1586591950746 1000.470321883753
 1417.345760684101 3541.784932494545 354.2878706661193
 958.254282477204 -1696.359472919873 662.0457564075416
 -549.3501342873705 -3613.109154082436 1273.101949627192
 3258.011768960949 3778.645894716938 3067.295195791434
 -2874.518752566382 -3117.9158608123 693.1642956539413
 5927.63726292338 -1870.285442332605 721.9585911447157


