# Created by Octave 3.8.1, Wed Mar 11 18:07:39 2015 JST <ohsawa@berenjena>
# name: obj_data
# type: matrix
# rows: 50
# columns: 3
 2481.782398720546 4499.382483056822 1013.702543681506
 5020.425707525445 -3372.553162578446 1646.595633483115
 -2797.021025088899 2924.453736272171 1193.544732118095
 1655.866214068297 -3990.355426300236 781.5763002088396
 2210.867812538101 521.673779753364 255.317659988729
 -2264.697558152605 5164.653347396833 1778.039647261795
 -1434.714918619019 2019.117710045734 986.6451234780289
 4944.918187975591 516.9065129273524 1777.583048757968
 729.4665865781565 3586.185860830908 398.0595831286669
 3759.579759313209 -2365.893168304554 1996.155189085774
 2155.720628969048 2580.893867662896 1226.036641790974
 -1126.233843446666 -319.8113375332867 4456.903727679654
 1620.001955752087 1372.128431001745 807.6988619398051
 -245.1246002839376 4602.916234407962 437.9840246007433
 -625.0495106151618 1815.121673420715 131.1633734516613
 663.4284065045098 -218.3363224104647 544.8120739250489
 -1542.50685137426 -2626.348331077729 1022.738527622821
 4388.618431552071 -1899.85052960477 897.9660937007366
 -76.38758497651497 -5174.691802785986 2826.411555174474
 1432.32415709115 3516.224877746939 515.8042119625248
 -6.969892689526546 -4495.446793949988 3981.735783008626
 3213.887227932654 5184.177803297342 2725.94797565728
 -1104.549264106539 -1145.959613558225 769.2045885524994
 -1508.605854609403 -3909.043820277625 3008.629241084675
 147.9287146935804 -3775.544260049034 2132.866419474544
 -1652.293176534595 -1566.058292415145 334.3315351378148
 -3073.523369001659 4803.811357973967 784.4969126961499
 2884.911401071386 560.5694776027232 913.8343236165764
 1424.945021478443 -1395.675658281108 99.85683109639669
 -2143.759440834915 3810.456111284861 462.5857158052098
 3874.882200820959 -4430.775400118434 185.4750687803424
 2138.12440011014 622.1151655431131 2348.461001735868
 -1898.473136953696 -4070.492163534165 1441.67438412057
 2574.342577376871 -2543.383482733037 891.1773197612554
 -1056.197640114878 1349.023359536182 624.1022788879759
 2803.12073237441 5988.909834087699 2336.648552701169
 -3687.318781331366 4830.788093442771 2290.98233351921
 550.1204612732889 5539.903671643303 1761.165751600873
 2750.666639858546 3776.833655876353 4319.06225092675
 -20.61608978471486 3802.889180840481 498.1960146635271
 -708.0093561532778 -1819.056288026874 537.7621228443581
 688.615940065047 -85.52737658500473 719.8108245355168
 -450.6303826084925 1204.228853593441 1897.752035736841
 3086.010084192452 -5017.41474578833 466.9543973202432
 -2499.376597560691 -1736.915617937128 653.1993994829807
 3051.903585047498 1045.839978889278 881.1689542725621
 3995.248071730608 602.3783272472838 893.8670957624681
 -2155.903277097332 3243.408210344669 1652.132388504352
 4196.622251083441 4138.993333895927 2027.506785854345
 1050.927416589918 -3882.037050144383 5951.569899010264


