# Created by Octave 3.8.1, Tue Mar 10 23:21:24 2015 JST <ohsawa@berenjena>
# name: obj_data
# type: matrix
# rows: 10
# columns: 3
 -1344.810413361673 -1176.486043185835 924.214819525848
 4654.4910374065 -2970.450469180284 1419.442811868623
 -756.6354142824987 1318.913346823506 3731.120165195378
 -419.6562301051839 2598.657723403467 559.1112023076075
 528.3106428295298 -4073.445763876635 922.449665448557
 3683.245283920323 3667.791070510372 2948.109483919996
 2821.109015431107 1217.892004323101 449.8261636988209
 4865.255853320727 -1925.104644899932 234.5675079355651
 -2898.222619491306 185.2570506746526 438.76866611355
 2110.889019114255 -3298.069582430507 621.5374827611956


