# Created by Octave 3.8.1, Wed Mar 11 18:07:39 2015 JST <ohsawa@berenjena>
# name: obj_data
# type: matrix
# rows: 10
# columns: 3
 3086.010084192452 -5017.41474578833 533.2941302272259
 -2155.903277097332 3243.408210344669 1423.900220266875
 -1652.293176534595 -1566.058292415145 589.9429269726364
 -708.0093561532778 -1819.056288026874 517.0000349032127
 -6.969892689526546 -4495.446793949988 4145.699896203601
 -76.38758497651497 -5174.691802785986 2720.222975183189
 -450.6303826084925 1204.228853593441 1800.733340522128
 1620.001955752087 1372.128431001745 562.960692267715
 2481.782398720546 4499.382483056822 1059.596950711699
 -1104.549264106539 -1145.959613558225 682.2922111961672


