# Created by Octave 3.8.1, Tue Mar 10 23:21:24 2015 JST <ohsawa@berenjena>
# name: obj_data
# type: matrix
# rows: 10
# columns: 3
 516.5930436785096 2487.81585251916 451.0209681341113
 1924.561317662689 -3050.312310858875 1109.505252729459
 4552.48462587528 117.1813067752682 1653.908012716051
 -2290.497565878147 282.7236057484956 4013.670477910624
 2688.130295672039 -1657.932186911122 865.7931520924251
 -2960.639511550998 1536.417274719182 717.5163125423746
 -3454.459713583833 -1815.183950484727 499.1070113123036
 -152.9255185636412 4951.802707139599 3194.596871556389
 4100.054696816522 1122.130225222578 421.4458005795766
 -1323.56893943394 -2061.353067219662 949.8556469220626


