# Created by Octave 3.8.1, Tue Mar 10 23:21:24 2015 JST <ohsawa@berenjena>
# name: data
# type: matrix
# rows: 10
# columns: 3
 161.0164384408089 34.69702266707851 559.1112023076075
 159.2180840016757 35.76863556839949 234.5675079355651
 160.6474137220297 34.5621791721975 3731.120165195378
 159.9246668951961 34.23653661651264 924.214819525848
 160.3649929038204 35.46518663311173 449.8261636988209
 160.4789440491813 33.93049633867469 438.76866611355
 161.0610689535683 35.8302455022942 2948.109483919996
 158.9945300185595 34.98021995919976 621.5374827611956
 158.8881027029089 35.65247908155068 1419.442811868623
 158.8912135409675 34.55564470786719 922.449665448557


