# Created by Octave 3.8.1, Wed Mar 11 18:07:39 2015 JST <ohsawa@berenjena>
# name: obj_data
# type: matrix
# rows: 10
# columns: 3
 -1366.434513804252 -3305.576127200147 4259.675737080736
 1449.172050899233 -4688.291719417273 716.7960939667628
 3586.003780151698 4605.056272482081 1146.558072978844
 -1626.545806248486 -3936.708228181454 2463.726250836459
 -1274.133255197155 -540.4441652170752 601.2115357653693
 -1217.332801519304 4724.819158267384 1377.114496935098
 -2107.089358380844 -28.49638346825429 392.4463755432724
 1867.52418486738 1853.712808411191 882.6095886058405
 -1462.231708627681 217.8365346369375 555.0770678550713
 -164.650952351301 2283.813379854349 1773.351986611072


