# Created by Octave 3.8.1, Tue Mar 10 23:21:24 2015 JST <ohsawa@berenjena>
# name: obj_data
# type: matrix
# rows: 10
# columns: 3
 984.5565530676139 -1555.527232607585 924.214819525848
 -653.3249195522772 -2707.100156359099 438.76866611355
 -2479.835831273528 4610.914604423351 2948.109483919996
 -392.8116956840358 3255.424600031695 449.8261636988209
 4254.833742828142 3952.773114154007 1419.442811868623
 -1311.500503454317 -323.6861793006977 3731.120165195378
 3956.01789139389 1272.904613742518 621.5374827611956
 -2377.80219431722 163.2060465180398 559.1112023076075
 3180.347033983343 4247.011669531476 234.5675079355651
 4279.760556329084 -256.4251858526405 922.449665448557


