# Created by Octave 3.8.1, Tue Mar 10 23:21:24 2015 JST <ohsawa@berenjena>
# name: obj_data
# type: matrix
# rows: 10
# columns: 3
 -414.236567585956 2345.25949659022 449.8261636988209
 -1318.112069073159 -3436.224201504153 438.76866611355
 3221.724073136623 3184.682375095195 234.5675079355651
 3670.62575575787 137.7578402921996 621.5374827611956
 528.6412175645073 -2436.489968009751 924.214819525848
 3864.635586716049 -1498.702923998344 922.449665448557
 4202.816936627214 2662.218586838202 1419.442811868623
 -2716.221561271804 -368.3452529912692 559.1112023076075
 -1616.392822415819 -992.3181186341174 3731.120165195378
 -2422.378655795267 3937.021914426111 2948.109483919996


