# Created by Octave 3.8.1, Tue Mar 10 23:21:24 2015 JST <ohsawa@berenjena>
# name: obj_data
# type: matrix
# rows: 10
# columns: 3
 -2668.399170996391 -624.9212014644859 559.1112023076075
 -1000.524767679771 -3554.90181055829 438.76866611355
 3987.361267144193 -1159.937328987773 922.449665448557
 -1516.995805750274 -1147.640707865397 3731.120165195378
 -2762.244667465279 3689.441222134968 2948.109483919996
 3950.642384773146 3014.543018126996 1419.442811868623
 749.0236740507529 -2393.417204820464 924.214819525848
 -619.3148960603896 2284.380997055986 449.8261636988209
 2926.608164405849 3446.822479064894 234.5675079355651
 3647.226222495355 452.4992740985452 621.5374827611956


