# Created by Octave 3.8.1, Tue Mar 10 23:21:24 2015 JST <ohsawa@berenjena>
# name: obj_data
# type: matrix
# rows: 10
# columns: 3
 3647.226222495355 452.4992740985452 728.8878339851525
 -2668.399170996391 -624.9212014644859 765.9756777053115
 -619.3148960603896 2284.380997055986 1231.656838511198
 749.0236740507529 -2393.417204820464 964.0762083228649
 2926.608164405849 3446.822479064894 465.4236077657945
 -1516.995805750274 -1147.640707865397 3789.998928679805
 -1000.524767679771 -3554.90181055829 508.4938607287953
 3987.361267144193 -1159.937328987773 937.6430168346317
 -2762.244667465279 3689.441222134968 3204.707026825235
 3950.642384773146 3014.543018126996 1780.223149751771


