# Created by Octave 3.8.1, Wed Mar 11 18:07:39 2015 JST <ohsawa@berenjena>
# name: data
# type: matrix
# rows: 10
# columns: 3
 160.1853660080145 33.50585180563558 2403.320219842563
 159.3599335120614 36.04598654999147 821.3848133196358
 160.5158207134102 34.5632449875447 442.4115500649212
 159.6435784170503 35.22550102324273 561.929387841379
 160.8633587572722 35.71463871065315 1357.649838964769
 160.163847734994 33.68426628433306 3912.262865394986
 160.3094921627779 35.18150964869234 1693.280511989369
 160.388459082658 34.38685459977386 515.5289808997572
 159.1887311424286 33.5446464181892 424.0093687524502
 160.6896587719038 34.45200807002247 251.053917667895


