# Created by Octave 3.8.1, Wed Mar 11 18:07:39 2015 JST <ohsawa@berenjena>
# name: obj_data
# type: matrix
# rows: 10
# columns: 3
 -1569.421826571819 -18.39097287907043 442.4115500649212
 472.3680989338872 1316.558327587338 1693.280511989369
 -2954.049554134746 -3259.771990938017 3912.262865394986
 2139.335363835812 76.82904806543968 561.929387841379
 4849.946545465797 1858.673727042905 821.3848133196358
 -1715.413095549703 -785.8475391827039 515.5289808997572
 -2258.208724653467 27.20401160810366 251.053917667895
 -3454.293073783357 -3724.475142509679 2403.320219842563
 535.9163557866234 3974.032638418897 1357.649838964769
 -973.802790754427 -5692.383434687496 424.0093687524502


