# Created by Octave 3.8.1, Wed Mar 11 18:07:39 2015 JST <ohsawa@berenjena>
# name: obj_data
# type: matrix
# rows: 10
# columns: 3
 -1652.293176534595 -1566.058292415145 251.053917667895
 3086.010084192452 -5017.41474578833 424.0093687524502
 -708.0093561532778 -1819.056288026874 515.5289808997572
 -1104.549264106539 -1145.959613558225 442.4115500649212
 1620.001955752087 1372.128431001745 561.929387841379
 -76.38758497651497 -5174.691802785986 2403.320219842563
 -2155.903277097332 3243.408210344669 1357.649838964769
 -450.6303826084925 1204.228853593441 1693.280511989369
 -6.969892689526546 -4495.446793949988 3912.262865394986
 2481.782398720546 4499.382483056822 821.3848133196358


