# Created by Octave 3.8.1, Wed Mar 11 18:07:39 2015 JST <ohsawa@berenjena>
# name: obj_data
# type: matrix
# rows: 10
# columns: 3
 2912.850351310814 -4456.820842194285 424.0093687524502
 -249.5483147160901 -4614.00208076563 2403.320219842563
 1446.833633741887 1932.641788536693 561.929387841379
 -1277.48521156934 -585.1870691241262 442.4115500649212
 -881.052934341023 -1258.378676742816 515.5289808997572
 -623.7388453731733 1765.027582460818 1693.280511989369
 -179.9313224402572 -3934.965313993826 3912.262865394986
 -2328.707178786289 3803.962255315189 1357.649838964769
 2308.860282310488 5060.154935382532 821.3848133196358
 -1825.220978513231 -1005.314089135444 251.053917667895


