# Created by Octave 3.8.1, Wed Mar 11 18:07:39 2015 JST <ohsawa@berenjena>
# name: obj_data
# type: matrix
# rows: 10
# columns: 3
 1474.355981062952 4023.281589266194 1357.649838964769
 -822.2520284920649 -715.0659141447445 515.5289808997572
 -2589.088893348303 -3636.919801356411 2403.320219842563
 -127.3854608060465 -5628.303658727938 424.0093687524502
 -2084.529729049681 -3177.156168185361 3912.262865394986
 1385.451340296945 1366.395558067152 1693.280511989369
 5767.989191648052 1866.844692184773 821.3848133196358
 3040.524261679373 110.9441358352046 561.929387841379
 -669.0132225015266 50.97544116500518 442.4115500649212
 -1357.468667453154 103.1992967802798 251.053917667895


